60
0 0 0 0 0 16 22 16 23 26 25 344 0 0 0 0 0 19 18 18 18 31 240 49 59 43 40 25 0 0 0 0 0 111 0 0 0 0 25 35 37 41 23 18 39 0 0 0 0 27 27 34 79 112 256 27 374 0 0 0 
0 0 369 72 61 45 19 17 0 0 0 0 0 0 17 38 20 22 0 22 0 0 0 0 0 0 0 0 30 28 44 35 35 22 28 0 17 17 0 0 0 0 0 0 34 16 16 24 33 20 0 0 17 0 0 48 0 105 83 377 
0 0 0 82 60 61 26 24 16 0 16 0 0 0 0 0 24 24 0 0 0 0 0 0 0 0 0 0 0 0 0 20 30 16 23 19 0 21 0 0 0 0 0 0 0 0 0 0 23 20 21 0 19 0 0 29 0 46 61 201 
0 0 0 0 263 149 92 73 67 21 19 0 19 21 0 0 0 30 32 36 21 17 0 0 19 0 0 0 17 0 23 17 22 0 32 31 33 45 26 24 22 21 25 0 17 0 17 0 17 16 23 27 26 0 24 16 0 28 30 49 
0 0 0 0 0 350 177 141 122 70 49 0 0 19 0 0 21 21 28 24 26 33 0 0 0 0 0 0 0 0 0 16 18 0 21 35 39 53 37 23 26 17 19 0 0 0 0 0 0 0 0 23 28 20 0 0 0 22 0 26 
0 0 0 0 0 0 338 268 170 109 58 0 22 19 0 0 0 22 29 28 26 35 0 18 0 0 0 16 0 0 0 0 17 16 17 28 30 58 49 28 33 26 0 0 0 0 0 0 0 0 23 0 35 33 16 0 20 0 0 18 
0 0 0 0 0 0 0 559 331 158 104 18 72 45 19 0 0 0 20 0 34 37 0 29 0 16 16 0 0 0 0 0 0 0 0 0 25 31 44 30 36 28 18 18 0 0 0 0 0 0 0 0 23 29 21 0 0 0 0 0 
0 0 0 0 0 0 0 0 352 197 134 17 79 40 0 0 0 0 22 18 30 41 0 28 16 19 0 0 0 0 0 0 0 0 0 16 19 28 36 37 35 28 0 18 0 0 0 0 0 0 0 17 23 31 21 0 19 0 0 22 
0 0 0 0 0 0 0 0 0 358 210 21 93 73 23 0 0 0 21 18 24 39 0 37 36 24 0 0 17 0 0 0 0 0 0 0 25 23 38 42 47 36 38 27 0 0 0 0 0 0 0 0 19 18 22 0 32 0 0 0 
0 0 0 0 0 0 0 0 0 0 398 42 158 131 27 0 0 0 0 0 20 29 31 37 32 27 29 24 18 0 0 0 0 29 0 0 17 25 27 39 41 52 53 40 20 20 0 0 0 0 0 0 0 18 22 23 35 0 0 0 
0 0 0 0 0 0 0 0 0 0 0 47 253 199 42 0 0 0 0 17 16 19 48 30 34 36 33 31 28 16 0 0 0 37 0 18 0 17 25 35 37 65 70 62 23 41 0 0 0 0 0 0 0 0 24 20 26 21 16 0 
0 0 0 0 0 0 0 0 0 0 0 0 28 20 0 0 0 16 21 20 22 18 495 43 60 66 47 35 27 0 0 16 0 214 0 0 0 0 17 24 38 45 47 31 67 18 16 0 24 25 25 27 60 88 184 37 228 24 0 17 
0 0 0 0 0 0 0 0 0 0 0 0 0 429 92 22 0 0 0 0 0 16 23 0 20 32 37 47 38 23 19 0 0 36 0 0 0 0 16 17 0 47 52 68 36 60 25 25 0 0 0 0 0 0 0 21 17 18 21 0 
0 0 0 0 0 0 0 0 0 0 0 0 0 0 181 32 27 20 0 0 0 17 21 0 0 23 43 57 59 30 21 21 0 54 0 0 0 0 21 19 19 41 41 67 48 82 33 24 0 18 0 0 0 0 0 34 19 31 23 18 
0 0 0 0 0 0 0 0 0 0 0 0 0 0 0 159 51 34 24 18 17 23 0 0 22 18 31 26 45 56 46 32 0 22 0 0 0 0 0 0 0 20 0 24 44 61 74 44 25 16 0 0 0 19 0 29 0 41 32 22 
0 0 0 0 0 0 0 0 0 0 0 0 0 0 0 0 156 82 41 34 19 21 0 16 22 24 24 30 22 32 31 60 16 19 0 0 16 0 0 0 0 16 0 0 24 19 51 77 51 30 20 23 0 0 0 25 0 29 21 39 
0 0 0 0 0 0 0 0 0 0 0 0 0 0 0 0 0 357 127 65 44 34 19 28 30 30 25 25 28 26 22 31 47 17 28 25 0 17 0 18 0 0 0 0 18 0 24 28 59 64 36 38 19 0 0 17 0 17 0 16 
0 0 0 0 0 0 0 0 0 0 0 0 0 0 0 0 0 0 245 115 55 41 0 31 28 35 27 24 22 0 0 20 48 16 31 33 18 0 0 0 16 0 0 0 17 0 0 16 32 66 36 26 16 0 0 18 17 18 0 21 
0 0 0 0 0 0 0 0 0 0 0 0 0 0 0 0 0 0 0 248 107 77 19 46 42 33 30 18 22 16 16 17 0 19 29 32 34 29 31 20 22 19 18 0 0 17 0 19 23 32 67 59 31 24 16 18 17 18 0 22 
0 0 0 0 0 0 0 0 0 0 0 0 0 0 0 0 0 0 0 0 209 140 0 61 48 39 29 30 19 0 0 21 19 0 18 23 29 36 19 18 21 0 0 0 0 0 0 0 23 32 38 39 37 26 16 0 0 0 0 17 
0 0 0 0 0 0 0 0 0 0 0 0 0 0 0 0 0 0 0 0 0 286 0 119 78 65 33 25 20 19 0 0 0 0 19 20 27 41 35 30 30 17 0 0 0 0 0 0 0 18 25 23 48 60 23 0 23 0 0 0 
0 0 0 0 0 0 0 0 0 0 0 0 0 0 0 0 0 0 0 0 0 0 0 168 120 79 40 31 0 16 0 0 0 0 0 19 25 30 41 40 32 0 0 0 0 0 0 0 0 0 19 21 31 50 34 0 34 0 0 0 
0 0 0 0 0 0 0 0 0 0 0 0 0 0 0 0 0 0 0 0 0 0 0 41 56 48 46 38 32 0 0 0 0 303 19 0 0 0 0 20 34 55 57 45 94 25 0 20 0 18 22 23 46 63 115 56 176 34 20 0 
0 0 0 0 0 0 0 0 0 0 0 0 0 0 0 0 0 0 0 0 0 0 0 0 292 262 69 55 32 17 0 0 0 18 0 0 0 0 22 26 35 24 0 18 0 0 0 0 0 0 0 0 0 21 45 0 46 0 0 0 
0 0 0 0 0 0 0 0 0 0 0 0 0 0 0 0 0 0 0 0 0 0 0 0 0 484 166 98 47 27 23 18 0 36 22 0 19 24 21 34 34 39 35 25 16 20 0 0 0 0 0 17 25 19 51 0 65 21 0 0 
0 0 0 0 0 0 0 0 0 0 0 0 0 0 0 0 0 0 0 0 0 0 0 0 0 0 183 121 57 22 0 0 0 33 0 0 0 0 17 26 27 47 42 30 18 20 0 0 0 0 0 18 0 0 42 0 54 0 0 0 
0 0 0 0 0 0 0 0 0 0 0 0 0 0 0 0 0 0 0 0 0 0 0 0 0 0 0 312 175 86 43 23 0 51 0 0 0 18 0 0 16 23 30 36 47 28 0 0 0 0 0 18 0 0 20 20 25 22 0 0 
0 0 0 0 0 0 0 0 0 0 0 0 0 0 0 0 0 0 0 0 0 0 0 0 0 0 0 0 331 143 54 30 0 49 0 0 0 0 0 0 0 22 20 27 44 33 0 0 0 0 0 0 0 0 18 25 0 28 0 0 
0 0 0 0 0 0 0 0 0 0 0 0 0 0 0 0 0 0 0 0 0 0 0 0 0 0 0 0 0 247 73 51 0 39 0 0 17 0 0 0 0 17 20 16 60 42 25 16 0 16 0 0 0 0 0 36 0 38 23 17 
0 0 0 0 0 0 0 0 0 0 0 0 0 0 0 0 0 0 0 0 0 0 0 0 0 0 0 0 0 0 206 117 36 32 32 28 0 18 0 0 0 0 18 23 50 30 39 25 0 19 0 18 0 0 0 46 0 44 31 29 
0 0 0 0 0 0 0 0 0 0 0 0 0 0 0 0 0 0 0 0 0 0 0 0 0 0 0 0 0 0 0 298 78 16 50 38 22 23 0 0 0 0 16 16 36 21 39 36 23 17 0 0 0 0 0 32 0 28 33 30 
0 0 0 0 0 0 0 0 0 0 0 0 0 0 0 0 0 0 0 0 0 0 0 0 0 0 0 0 0 0 0 0 100 0 67 55 31 27 19 20 0 0 0 0 23 18 44 52 31 20 0 0 0 0 0 23 0 31 38 41 
0 0 0 0 0 0 0 0 0 0 0 0 0 0 0 0 0 0 0 0 0 0 0 0 0 0 0 0 0 0 0 0 0 0 257 196 78 62 62 28 17 17 0 0 0 0 0 0 32 33 0 16 0 0 0 0 0 0 0 18 
0 0 0 0 0 0 0 0 0 0 0 0 0 0 0 0 0 0 0 0 0 0 0 0 0 0 0 0 0 0 0 0 0 0 0 18 0 18 16 0 21 45 36 52 271 43 0 0 0 22 0 0 22 37 62 111 91 79 50 25 
0 0 0 0 0 0 0 0 0 0 0 0 0 0 0 0 0 0 0 0 0 0 0 0 0 0 0 0 0 0 0 0 0 0 0 404 132 93 70 35 24 0 0 0 0 0 0 0 0 18 28 17 0 0 0 0 0 0 0 0 
0 0 0 0 0 0 0 0 0 0 0 0 0 0 0 0 0 0 0 0 0 0 0 0 0 0 0 0 0 0 0 0 0 0 0 0 229 148 94 51 37 26 0 0 0 0 0 0 0 26 34 21 0 0 0 0 0 18 0 0 
0 0 0 0 0 0 0 0 0 0 0 0 0 0 0 0 0 0 0 0 0 0 0 0 0 0 0 0 0 0 0 0 0 0 0 0 0 258 129 86 75 22 24 0 0 24 0 0 16 0 36 24 18 0 0 0 0 0 0 0 
0 0 0 0 0 0 0 0 0 0 0 0 0 0 0 0 0 0 0 0 0 0 0 0 0 0 0 0 0 0 0 0 0 0 0 0 0 0 274 112 95 33 29 20 0 0 0 0 0 0 18 19 28 23 0 0 0 0 0 0 
0 0 0 0 0 0 0 0 0 0 0 0 0 0 0 0 0 0 0 0 0 0 0 0 0 0 0 0 0 0 0 0 0 0 0 0 0 0 0 156 139 59 54 23 0 18 0 0 0 0 21 19 28 23 19 0 19 0 0 0 
0 0 0 0 0 0 0 0 0 0 0 0 0 0 0 0 0 0 0 0 0 0 0 0 0 0 0 0 0 0 0 0 0 0 0 0 0 0 0 0 627 195 126 61 0 28 17 0 0 0 0 0 17 24 32 0 30 0 0 0 
0 0 0 0 0 0 0 0 0 0 0 0 0 0 0 0 0 0 0 0 0 0 0 0 0 0 0 0 0 0 0 0 0 0 0 0 0 0 0 0 0 212 142 72 0 45 0 0 16 0 0 0 18 24 34 0 31 0 0 0 
0 0 0 0 0 0 0 0 0 0 0 0 0 0 0 0 0 0 0 0 0 0 0 0 0 0 0 0 0 0 0 0 0 0 0 0 0 0 0 0 0 0 432 219 17 83 24 21 0 0 0 0 0 0 23 17 24 0 0 0 
0 0 0 0 0 0 0 0 0 0 0 0 0 0 0 0 0 0 0 0 0 0 0 0 0 0 0 0 0 0 0 0 0 0 0 0 0 0 0 0 0 0 0 360 28 116 31 26 17 0 18 0 0 17 22 17 26 17 0 0 
0 0 0 0 0 0 0 0 0 0 0 0 0 0 0 0 0 0 0 0 0 0 0 0 0 0 0 0 0 0 0 0 0 0 0 0 0 0 0 0 0 0 0 0 33 202 59 41 21 21 0 0 16 0 0 20 0 21 0 0 
0 0 0 0 0 0 0 0 0 0 0 0 0 0 0 0 0 0 0 0 0 0 0 0 0 0 0 0 0 0 0 0 0 0 0 0 0 0 0 0 0 0 0 0 0 51 28 23 16 17 0 0 18 17 24 353 45 203 118 75 
0 0 0 0 0 0 0 0 0 0 0 0 0 0 0 0 0 0 0 0 0 0 0 0 0 0 0 0 0 0 0 0 0 0 0 0 0 0 0 0 0 0 0 0 0 0 131 62 30 25 19 0 18 0 0 43 18 34 17 0 
0 0 0 0 0 0 0 0 0 0 0 0 0 0 0 0 0 0 0 0 0 0 0 0 0 0 0 0 0 0 0 0 0 0 0 0 0 0 0 0 0 0 0 0 0 0 0 341 92 57 34 29 28 27 20 33 0 36 25 22 
0 0 0 0 0 0 0 0 0 0 0 0 0 0 0 0 0 0 0 0 0 0 0 0 0 0 0 0 0 0 0 0 0 0 0 0 0 0 0 0 0 0 0 0 0 0 0 0 163 88 50 44 28 30 17 24 0 25 19 25 
0 0 0 0 0 0 0 0 0 0 0 0 0 0 0 0 0 0 0 0 0 0 0 0 0 0 0 0 0 0 0 0 0 0 0 0 0 0 0 0 0 0 0 0 0 0 0 0 0 334 104 97 41 37 25 17 0 17 0 20 
0 0 0 0 0 0 0 0 0 0 0 0 0 0 0 0 0 0 0 0 0 0 0 0 0 0 0 0 0 0 0 0 0 0 0 0 0 0 0 0 0 0 0 0 0 0 0 0 0 0 233 152 71 43 24 21 29 18 0 18 
0 0 0 0 0 0 0 0 0 0 0 0 0 0 0 0 0 0 0 0 0 0 0 0 0 0 0 0 0 0 0 0 0 0 0 0 0 0 0 0 0 0 0 0 0 0 0 0 0 0 0 421 148 88 39 0 34 0 0 17 
0 0 0 0 0 0 0 0 0 0 0 0 0 0 0 0 0 0 0 0 0 0 0 0 0 0 0 0 0 0 0 0 0 0 0 0 0 0 0 0 0 0 0 0 0 0 0 0 0 0 0 0 158 90 36 0 40 0 0 0 
0 0 0 0 0 0 0 0 0 0 0 0 0 0 0 0 0 0 0 0 0 0 0 0 0 0 0 0 0 0 0 0 0 0 0 0 0 0 0 0 0 0 0 0 0 0 0 0 0 0 0 0 0 325 91 18 104 24 0 17 
0 0 0 0 0 0 0 0 0 0 0 0 0 0 0 0 0 0 0 0 0 0 0 0 0 0 0 0 0 0 0 0 0 0 0 0 0 0 0 0 0 0 0 0 0 0 0 0 0 0 0 0 0 0 158 18 159 27 0 19 
0 0 0 0 0 0 0 0 0 0 0 0 0 0 0 0 0 0 0 0 0 0 0 0 0 0 0 0 0 0 0 0 0 0 0 0 0 0 0 0 0 0 0 0 0 0 0 0 0 0 0 0 0 0 0 29 542 19 0 0 
0 0 0 0 0 0 0 0 0 0 0 0 0 0 0 0 0 0 0 0 0 0 0 0 0 0 0 0 0 0 0 0 0 0 0 0 0 0 0 0 0 0 0 0 0 0 0 0 0 0 0 0 0 0 0 0 25 353 228 114 
0 0 0 0 0 0 0 0 0 0 0 0 0 0 0 0 0 0 0 0 0 0 0 0 0 0 0 0 0 0 0 0 0 0 0 0 0 0 0 0 0 0 0 0 0 0 0 0 0 0 0 0 0 0 0 0 0 18 17 0 
0 0 0 0 0 0 0 0 0 0 0 0 0 0 0 0 0 0 0 0 0 0 0 0 0 0 0 0 0 0 0 0 0 0 0 0 0 0 0 0 0 0 0 0 0 0 0 0 0 0 0 0 0 0 0 0 0 0 437 289 
0 0 0 0 0 0 0 0 0 0 0 0 0 0 0 0 0 0 0 0 0 0 0 0 0 0 0 0 0 0 0 0 0 0 0 0 0 0 0 0 0 0 0 0 0 0 0 0 0 0 0 0 0 0 0 0 0 0 0 178 
0 0 0 0 0 0 0 0 0 0 0 0 0 0 0 0 0 0 0 0 0 0 0 0 0 0 0 0 0 0 0 0 0 0 0 0 0 0 0 0 0 0 0 0 0 0 0 0 0 0 0 0 0 0 0 0 0 0 0 0 
