0 9 0.85000
0 11 0.58088
0 22 0.44162
0 23 0.84211
0 24 0.53125
0 25 0.78261
0 26 0.65000
0 33 0.30263
0 39 0.70588
0 40 0.90000
0 41 0.71429
0 44 0.00000
0 51 0.00000
0 52 0.29825
0 53 0.30488
0 54 0.72549
0 56 0.67890
1 2 0.30769
1 3 0.35000
1 4 0.45714
1 5 0.37931
1 44 0.00000
1 55 0.41935
1 57 0.31944
1 58 0.36364
1 59 0.36644
2 3 0.27660
2 4 0.64516
2 5 0.96970
2 6 0.00000
2 7 0.58824
2 57 0.33333
2 58 0.26316
2 59 0.32283
3 4 0.42396
3 5 0.37795
3 6 0.27536
3 7 0.40385
3 8 0.28571
3 17 0.00000
3 18 0.62500
3 19 0.66667
3 34 0.00000
3 35 0.81250
3 36 0.68421
3 37 0.77273
3 59 0.50000
4 5 0.43333
4 6 0.31788
4 7 0.37383
4 8 0.39535
4 9 0.47727
4 10 0.38462
4 17 0.00000
4 18 0.71429
4 20 0.76471
4 21 0.72222
4 36 0.72000
4 37 0.78571
4 38 0.73913
4 40 0.68750
4 52 0.62500
5 6 0.45485
5 7 0.45909
5 8 0.40141
5 9 0.30667
5 10 0.52778
5 18 0.70588
5 19 0.62500
5 20 0.76471
5 21 0.75000
5 36 0.61111
5 37 0.77778
5 38 0.77778
5 39 0.68750
5 40 0.56522
5 52 0.90909
5 53 0.90909
6 7 0.69767
6 8 0.41367
6 9 0.39669
6 10 0.38750
6 12 0.60000
6 13 0.47826
6 20 0.75000
6 21 0.85000
6 23 0.00000
6 37 0.73684
6 38 0.82759
6 39 0.73684
6 40 0.72000
6 52 0.75000
6 53 0.90909
7 8 0.44408
7 9 0.37589
7 10 0.36957
7 12 0.51852
7 13 0.50000
7 20 0.00000
7 21 0.78261
7 37 0.66667
7 38 0.77273
7 39 0.88000
7 40 0.69565
7 53 0.82609
8 9 0.51258
8 10 0.33155
8 12 0.32000
8 13 0.41071
8 14 0.00000
8 21 0.68421
8 23 0.80000
8 24 0.00000
8 38 0.69565
8 39 0.82609
8 40 0.83333
8 41 0.52381
8 42 0.47826
8 43 0.00000
8 56 0.64706
9 10 0.61078
9 11 0.84000
9 12 0.39823
9 13 0.33673
9 22 0.86364
9 23 0.73913
9 24 0.80000
9 25 0.68750
9 39 0.00000
9 40 0.73684
9 41 0.74194
9 42 0.51429
9 43 0.44000
9 56 0.66667
10 11 0.70000
10 12 0.44928
10 13 0.39241
10 14 0.40000
10 22 0.84615
10 23 0.55000
10 24 0.66667
10 25 0.64706
10 33 0.85000
10 39 0.00000
10 40 0.00000
10 41 0.56818
10 42 0.78571
10 43 0.65625
10 45 0.00000
11 22 0.50939
11 23 0.88889
11 24 0.76667
11 25 0.71053
11 33 0.28144
11 41 0.73684
11 42 0.76190
11 43 0.72222
11 44 0.33333
11 50 0.00000
11 52 0.37838
11 53 0.32203
11 54 0.52593
11 55 0.00000
11 56 0.40526
12 13 0.58074
12 14 0.42424
12 26 0.65217
12 27 0.81818
12 28 0.56000
12 33 0.84615
12 41 0.58333
12 42 0.65625
12 43 0.57143
12 44 0.75000
12 45 0.69231
13 14 0.25385
13 15 0.00000
13 26 0.78261
13 27 0.71875
13 28 0.74074
13 33 0.73077
13 41 0.00000
13 42 0.44000
13 43 0.71053
13 44 0.89286
13 45 0.75610
13 46 0.62500
13 57 0.75000
14 15 0.29474
14 16 0.68000
14 17 0.00000
14 28 0.66667
14 29 0.72000
14 30 0.77273
14 44 0.70588
14 45 0.50000
14 46 0.59259
14 47 0.61111
14 57 0.68421
15 16 0.23853
15 17 0.25926
15 18 0.00000
15 31 0.84615
15 46 0.63158
15 47 0.61765
15 48 0.62500
16 17 0.37374
16 18 0.27000
16 19 0.36364
16 20 0.31250
16 21 0.55556
16 23 0.00000
16 32 0.79167
16 34 0.00000
16 48 0.71429
16 49 0.70370
17 18 0.31658
17 19 0.25000
17 20 0.39130
17 21 0.40000
17 23 0.00000
17 26 0.00000
17 32 0.52381
17 34 0.66667
17 49 0.60000
17 50 0.64706
18 19 0.43541
18 20 0.41111
18 21 0.38889
18 23 0.00000
18 24 0.00000
18 25 0.00000
18 26 0.55556
18 34 0.00000
18 35 0.70000
18 36 0.54167
18 37 0.56522
18 38 0.64706
18 50 0.80556
18 51 0.76923
19 20 0.45652
19 21 0.36607
19 23 0.38095
19 24 0.32353
19 25 0.37037
19 26 0.00000
19 36 0.71429
19 37 0.76190
19 50 0.52632
19 51 0.77273
19 52 0.52632
20 21 0.44664
20 23 0.39175
20 24 0.36667
20 25 0.39583
20 26 0.00000
20 37 0.79167
20 38 0.85000
20 52 0.66667
20 53 0.80000
21 23 0.36232
21 24 0.40698
21 25 0.45902
21 26 0.70833
21 36 0.00000
21 37 0.88235
21 38 0.84000
21 39 0.73684
21 40 0.68182
21 52 0.66667
21 53 0.84375
21 54 0.90000
21 56 0.83333
22 23 0.73913
22 24 0.56667
22 25 0.78261
22 26 0.63158
22 27 0.00000
22 33 0.32353
22 41 0.73913
22 42 0.73913
22 43 0.79167
22 44 0.27119
22 52 0.00000
22 53 0.33333
22 54 0.35897
22 55 0.00000
22 56 0.46212
23 24 0.49012
23 25 0.46396
23 26 0.46809
23 27 0.00000
23 28 0.40000
23 39 0.00000
23 40 0.85714
23 54 0.94286
23 56 0.94286
24 25 0.76077
24 26 0.34646
24 27 0.38462
24 28 0.40741
24 29 0.00000
24 41 0.72727
24 42 0.72222
24 54 0.48000
24 56 0.74286
25 26 0.36691
25 27 0.40476
25 28 0.47059
25 33 0.70000
25 41 0.62500
25 42 0.64706
25 54 0.85000
25 56 0.64000
26 27 0.46863
26 28 0.37589
26 29 0.44068
26 30 0.52174
26 33 0.62162
26 42 0.62500
26 43 0.70000
26 44 0.64000
26 45 0.00000
27 28 0.37313
27 29 0.40196
27 30 0.46667
27 31 0.52632
27 33 0.75000
27 43 0.78947
27 44 0.80769
27 45 0.61905
27 57 0.78947
28 29 0.45876
28 30 0.43636
28 31 0.54545
28 33 0.54167
28 44 0.75000
28 45 0.72000
28 55 0.62500
28 57 0.76190
29 30 0.43046
29 31 0.26471
29 33 0.62500
29 44 0.73333
29 45 0.77778
29 46 0.80000
29 55 0.62963
29 57 0.54167
29 59 0.75000
30 31 0.36864
30 32 0.52000
30 34 0.58065
30 35 0.57143
30 44 0.64706
30 46 0.71429
30 55 0.75000
30 57 0.87500
30 58 0.88235
31 32 0.26316
31 34 0.58537
31 35 0.48571
31 36 0.00000
31 46 0.61111
31 47 0.80769
31 59 0.83333
32 34 0.27638
32 35 0.33117
32 36 0.41509
32 37 0.25581
32 38 0.72727
32 48 0.62500
32 49 0.64706
33 41 0.66667
33 42 0.71429
33 43 0.80000
33 44 0.31982
33 45 0.75000
33 53 0.00000
33 54 0.29730
33 55 0.40000
33 56 0.30612
33 57 0.43478
33 58 0.42308
34 35 0.57015
34 36 0.38182
34 37 0.35938
34 38 0.24490
34 39 0.00000
34 40 0.00000
34 50 0.62500
35 36 0.46766
35 37 0.29565
35 38 0.28788
35 39 0.34286
35 40 0.00000
35 50 0.81250
36 37 0.40265
36 38 0.40777
36 39 0.41791
36 40 0.29688
36 41 0.00000
36 50 0.68421
36 51 0.84211
37 38 0.50424
37 39 0.29545
37 40 0.29114
37 41 0.00000
37 42 0.00000
37 52 0.65000
37 53 0.81250
38 39 0.36220
38 40 0.45794
38 41 0.41379
38 42 0.00000
38 52 0.89474
38 53 0.84211
39 40 0.91273
39 41 0.38849
39 42 0.33333
39 43 0.37143
39 54 0.77273
39 56 0.83333
40 41 0.35329
40 42 0.43564
40 43 0.40476
40 45 0.00000
40 54 0.73913
40 56 0.89474
41 42 0.71667
41 43 0.47753
41 45 0.39216
42 43 0.50662
42 45 0.33333
43 44 0.72222
43 45 0.41935
43 46 0.40541
43 47 0.00000
44 45 0.80952
44 55 0.38929
44 57 0.39865
44 58 0.52500
44 59 0.45714
45 46 0.43373
45 47 0.39394
45 48 0.00000
45 55 0.61111
45 57 0.75000
46 47 0.34191
46 48 0.34884
46 49 0.37037
46 50 0.76471
46 51 0.70588
46 52 0.60000
46 53 0.00000
46 57 0.93750
47 48 0.29126
47 49 0.40426
47 50 0.53333
47 51 0.57692
47 52 0.68750
48 49 0.43346
48 50 0.34286
48 51 0.43860
48 52 0.64706
48 53 0.55000
49 50 0.37895
49 51 0.33333
49 52 0.45238
49 53 0.48387
49 56 0.00000
50 51 0.61207
50 52 0.35294
50 53 0.31746
50 54 0.00000
51 52 0.38462
51 53 0.49206
51 54 0.00000
51 56 0.00000
52 53 0.42963
52 54 0.37313
52 56 0.43478
53 54 0.36937
53 56 0.32231
54 56 0.91476
55 57 0.32117
55 58 0.50625
55 59 0.36145
57 58 0.71221
57 59 0.28230
58 59 0.26829
