VISDATA
36
0 12 1 2 3 4 5 6 7 8 9 10 11 12
1 16 0 2 3 4 5 6 7 8 9 10 11 12 13 14 15 17
2 16 0 1 3 4 5 6 7 8 9 10 11 12 13 14 15 17
3 18 0 1 2 4 5 6 7 8 9 10 11 12 13 14 15 16 17 18
4 19 0 1 2 3 5 6 7 8 9 10 11 12 13 14 15 16 17 18 19
5 19 0 1 2 3 4 6 7 8 9 10 11 12 13 14 15 16 17 18 19
6 19 0 1 2 3 4 5 7 8 9 10 11 12 13 14 15 16 17 18 19
7 20 0 1 2 3 4 5 6 8 9 10 11 12 13 14 15 16 17 18 19 20
8 20 0 1 2 3 4 5 6 7 9 10 11 12 13 14 15 16 17 18 19 20
9 21 0 1 2 3 4 5 6 7 8 10 11 12 13 14 15 16 17 18 19 20 21
10 21 0 1 2 3 4 5 6 7 8 9 11 12 13 14 15 16 17 18 19 20 21
11 22 0 1 2 3 4 5 6 7 8 9 10 12 13 14 15 16 17 18 19 20 21 22
12 22 0 1 2 3 4 5 6 7 8 9 10 11 13 14 15 16 17 18 19 20 21 22
13 23 1 2 3 4 5 6 7 8 9 10 11 12 14 15 16 17 18 19 20 21 22 23 24
14 23 1 2 3 4 5 6 7 8 9 10 11 12 13 15 16 17 18 19 20 21 22 23 24
15 23 1 2 3 4 5 6 7 8 9 10 11 12 13 14 16 17 18 19 20 21 22 23 24
16 21 3 4 5 6 7 8 9 10 11 12 13 14 15 17 18 19 20 21 22 23 24
17 26 1 2 3 4 5 6 7 8 9 10 11 12 13 14 15 16 18 19 20 21 22 23 24 25 26 27
18 24 3 4 5 6 7 8 9 10 11 12 13 14 15 16 17 19 20 21 22 23 24 25 26 27
19 25 4 5 6 7 8 9 10 11 12 13 14 15 16 17 18 20 21 22 23 24 25 26 27 28 29
20 22 7 8 9 10 11 12 13 14 15 16 17 18 19 21 22 23 24 25 26 27 28 29
21 21 9 10 11 12 13 14 15 16 17 18 19 20 22 23 24 25 26 27 28 29 30
22 20 11 12 13 14 15 16 17 18 19 20 21 23 24 25 26 27 28 29 30 31
23 19 13 14 15 16 17 18 19 20 21 22 24 25 26 27 28 29 30 31 32
24 19 13 14 15 16 17 18 19 20 21 22 23 25 26 27 28 29 30 31 32
25 17 17 18 19 20 21 22 23 24 26 27 28 29 30 31 32 33 34
26 18 17 18 19 20 21 22 23 24 25 27 28 29 30 31 32 33 34 35
27 18 17 18 19 20 21 22 23 24 25 26 28 29 30 31 32 33 34 35
28 16 19 20 21 22 23 24 25 26 27 29 30 31 32 33 34 35
29 16 19 20 21 22 23 24 25 26 27 28 30 31 32 33 34 35
30 14 21 22 23 24 25 26 27 28 29 31 32 33 34 35
31 13 22 23 24 25 26 27 28 29 30 32 33 34 35
32 12 23 24 25 26 27 28 29 30 31 33 34 35
33 10 25 26 27 28 29 30 31 32 34 35
34 10 25 26 27 28 29 30 31 32 33 35
35 9 26 27 28 29 30 31 32 33 34
