VISDATA
60
0 19 1 2 11 22 33 44 47 48 49 50 51 52 53 54 55 56 57 58 59
1 20 0 2 3 4 5 6 7 8 9 11 22 33 44 53 54 55 56 57 58 59
2 23 0 1 3 4 5 6 7 8 9 10 11 12 13 22 33 44 53 54 55 56 57 58 59
3 21 1 2 4 5 6 7 8 9 10 11 12 13 14 15 22 33 44 55 57 58 59
4 16 1 2 3 5 6 7 8 9 10 12 13 14 15 57 58 59
5 17 1 2 3 4 6 7 8 9 10 12 13 14 15 44 57 58 59
6 15 1 2 3 4 5 7 8 9 10 12 13 14 15 16 59
7 17 1 2 3 4 5 6 8 9 10 12 13 14 15 16 17 18 59
8 17 1 2 3 4 5 6 7 9 10 12 13 14 15 16 17 18 59
9 16 1 2 3 4 5 6 7 8 10 12 13 14 15 16 17 18
10 15 2 3 4 5 6 7 8 9 12 13 14 15 16 17 18
11 20 0 1 2 3 22 33 44 47 48 49 50 51 52 53 54 55 56 57 58 59
12 15 2 3 4 5 6 7 8 9 10 13 14 15 16 17 18
13 15 2 3 4 5 6 7 8 9 10 12 14 15 16 17 18
14 14 3 4 5 6 7 8 9 10 12 13 15 16 17 18
15 14 3 4 5 6 7 8 9 10 12 13 14 16 17 18
16 14 6 7 8 9 10 12 13 14 15 17 18 19 20 21
17 14 7 8 9 10 12 13 14 15 16 18 19 20 21 23
18 14 7 8 9 10 12 13 14 15 16 17 19 20 21 23
19 12 16 17 18 20 21 23 24 25 26 28 29 30
20 13 16 17 18 19 21 23 24 25 26 27 28 29 30
21 13 16 17 18 19 20 23 24 25 26 27 28 29 30
22 19 0 1 2 3 11 33 44 48 49 50 51 52 53 54 55 56 57 58 59
23 12 17 18 19 20 21 24 25 26 27 28 29 30
24 10 19 20 21 23 25 26 27 28 29 30
25 10 19 20 21 23 24 26 27 28 29 30
26 10 19 20 21 23 24 25 27 28 29 30
27 9 20 21 23 24 25 26 28 29 30
28 13 19 20 21 23 24 25 26 27 29 30 31 32 34
29 13 19 20 21 23 24 25 26 27 28 30 31 32 34
30 15 19 20 21 23 24 25 26 27 28 29 31 32 34 35 36
31 17 28 29 30 32 34 35 36 37 38 39 40 41 42 43 45 46 47
32 18 28 29 30 31 34 35 36 37 38 39 40 41 42 43 45 46 47 48
33 19 0 1 2 3 11 22 44 48 49 50 51 52 53 54 55 56 57 58 59
34 18 28 29 30 31 32 35 36 37 38 39 40 41 42 43 45 46 47 48
35 17 30 31 32 34 36 37 38 39 40 41 42 43 45 46 47 48 49
36 17 30 31 32 34 35 37 38 39 40 41 42 43 45 46 47 48 49
37 17 31 32 34 35 36 38 39 40 41 42 43 45 46 47 48 49 50
38 16 31 32 34 35 36 37 39 40 41 42 43 45 46 47 48 49
39 19 31 32 34 35 36 37 38 40 41 42 43 45 46 47 48 49 50 51 52
40 19 31 32 34 35 36 37 38 39 41 42 43 45 46 47 48 49 50 51 52
41 19 31 32 34 35 36 37 38 39 40 42 43 45 46 47 48 49 50 51 52
42 19 31 32 34 35 36 37 38 39 40 41 43 45 46 47 48 49 50 51 52
43 19 31 32 34 35 36 37 38 39 40 41 42 45 46 47 48 49 50 51 52
44 19 0 1 2 3 5 11 22 33 49 50 51 52 53 54 55 56 57 58 59
45 19 31 32 34 35 36 37 38 39 40 41 42 43 46 47 48 49 50 51 52
46 19 31 32 34 35 36 37 38 39 40 41 42 43 45 47 48 49 50 51 52
47 24 0 11 31 32 34 35 36 37 38 39 40 41 42 43 45 46 48 49 50 51 52 53 54 56
48 25 0 11 22 32 33 34 35 36 37 38 39 40 41 42 43 45 46 47 49 50 51 52 53 54 56
49 27 0 11 22 33 35 36 37 38 39 40 41 42 43 44 45 46 47 48 50 51 52 53 54 55 56 57 58
50 25 0 11 22 33 37 39 40 41 42 43 44 45 46 47 48 49 51 52 53 54 55 56 57 58 59
51 24 0 11 22 33 39 40 41 42 43 44 45 46 47 48 49 50 52 53 54 55 56 57 58 59
52 24 0 11 22 33 39 40 41 42 43 44 45 46 47 48 49 50 51 53 54 55 56 57 58 59
53 19 0 1 2 11 22 33 44 47 48 49 50 51 52 54 55 56 57 58 59
54 19 0 1 2 11 22 33 44 47 48 49 50 51 52 53 55 56 57 58 59
55 18 0 1 2 3 11 22 33 44 49 50 51 52 53 54 56 57 58 59
56 19 0 1 2 11 22 33 44 47 48 49 50 51 52 53 54 55 57 58 59
57 20 0 1 2 3 4 5 11 22 33 44 49 50 51 52 53 54 55 56 58 59
58 20 0 1 2 3 4 5 11 22 33 44 49 50 51 52 53 54 55 56 57 59
59 22 0 1 2 3 4 5 6 7 8 11 22 33 44 50 51 52 53 54 55 56 57 58
