1 2 0.51485
1 3 0.48663
1 4 0.47826
2 3 0.74679
2 4 0.69149
2 5 0.69585
3 4 0.67792
3 5 0.59914
3 6 0.64641
4 5 0.73676
4 6 0.65394
4 7 0.71062
5 6 0.81466
5 7 0.71525
5 8 0.68817
6 7 0.67159
6 8 0.68243
6 9 0.71560
7 8 0.75980
7 9 0.69828
7 10 0.72321
8 9 0.87786
8 10 0.73148
9 10 0.89349
9 12 0.75502
10 12 0.91743
10 13 0.70513
12 13 0.84139
12 14 0.62948
12 15 0.67500
13 14 0.83386
13 15 0.62779
13 16 0.63354
14 15 0.74688
14 16 0.59268
14 17 0.60584
15 16 0.88962
15 17 0.54862
15 18 0.52273
16 17 0.79545
16 18 0.56410
16 19 0.59361
17 18 0.82036
17 19 0.54703
17 20 0.64113
18 19 0.60212
18 20 0.60000
18 21 0.48193
19 20 0.88382
19 21 0.56782
20 21 0.66667
20 23 0.46237
21 23 0.71565
21 24 0.52752
23 24 0.54372
23 25 0.43939
23 26 0.38614
24 25 0.66892
24 26 0.45017
24 27 0.55975
25 26 0.58850
25 27 0.44355
25 28 0.51765
26 27 0.67051
26 28 0.52000
26 29 0.53731
27 28 0.51250
27 29 0.49524
27 30 0.46154
28 29 0.50847
28 30 0.49359
28 31 0.48980
29 30 0.61386
29 31 0.57741
29 32 0.45669
30 31 0.59748
30 32 0.50877
31 32 0.60326
31 34 0.41667
32 34 0.47566
32 35 0.43182
34 35 0.60150
34 36 0.51445
34 37 0.37607
35 36 0.56098
35 37 0.48171
35 38 0.40476
36 37 0.61098
36 38 0.50704
36 39 0.47273
37 38 0.52711
37 39 0.38889
38 39 0.48763
41 42 0.71759
41 43 0.64063
41 44 0.62712
42 43 0.69480
42 44 0.62760
42 45 0.64780
43 44 0.65086
43 45 0.65455
44 45 0.62299
