VISDATA
60
0 11 11 22 23 24 33 44 52 53 54 55 56
1 6 2 44 55 57 58 59
2 6 1 44 55 57 58 59
3 8 4 5 6 7 8 9 10 12
4 12 3 5 6 7 8 9 10 12 13 36 37 38
5 13 3 4 6 7 8 9 10 12 13 36 37 38 40
6 11 3 4 5 7 8 9 10 12 13 38 40
7 12 3 4 5 6 8 9 10 12 13 38 39 40
8 11 3 4 5 6 7 9 10 12 13 38 40
9 14 3 4 5 6 7 8 10 12 13 14 40 41 42 43
10 14 3 4 5 6 7 8 9 11 12 13 14 41 42 43
11 15 0 10 22 23 24 25 33 41 44 52 53 54 55 56 57
12 14 3 4 5 6 7 8 9 10 13 14 41 42 43 45
13 13 4 5 6 7 8 9 10 12 14 41 42 43 45
14 5 9 10 12 13 45
15 3 16 17 18
16 6 15 17 18 19 20 21
17 8 15 16 18 19 20 21 23 25
18 10 15 16 17 19 20 21 23 24 25 50
19 8 16 17 18 20 21 23 24 25
20 10 16 17 18 19 21 23 24 25 26 27
21 11 16 17 18 19 20 23 24 25 26 27 53
22 13 0 11 23 24 33 41 44 52 53 54 55 56 57
23 15 0 11 17 18 19 20 21 22 24 25 26 27 28 54 56
24 15 0 11 18 19 20 21 22 23 25 26 27 28 29 54 56
25 13 11 17 18 19 20 21 23 24 26 27 28 29 54
26 9 20 21 23 24 25 27 28 29 30
27 10 20 21 23 24 25 26 28 29 30 31
28 8 23 24 25 26 27 29 30 31
29 7 24 25 26 27 28 30 31
30 5 26 27 28 29 31
31 4 27 28 29 30
32 5 34 35 36 37 38
33 11 0 11 22 44 53 54 55 56 57 58 59
34 7 32 35 36 37 38 39 40
35 7 32 34 36 37 38 39 40
36 12 4 5 32 34 35 37 38 39 40 41 42 43
37 12 4 5 32 34 35 36 38 39 40 41 42 43
38 15 4 5 6 7 8 32 34 35 36 37 39 40 41 42 43
39 11 7 34 35 36 37 38 40 41 42 43 45
40 15 5 6 7 8 9 34 35 36 37 38 39 41 42 43 45
41 14 9 10 11 12 13 22 36 37 38 39 40 42 43 45
42 12 9 10 12 13 36 37 38 39 40 41 43 45
43 13 9 10 12 13 36 37 38 39 40 41 42 45 46
44 12 0 1 2 11 22 33 54 55 56 57 58 59
45 10 12 13 14 39 40 41 42 43 46 47
46 3 43 45 47
47 2 45 46
48 4 49 50 51 52
49 5 48 50 51 52 53
50 7 18 48 49 51 52 53 56
51 6 48 49 50 52 53 56
52 10 0 11 22 48 49 50 51 53 54 56
53 11 0 11 21 22 33 49 50 51 52 54 56
54 11 0 11 22 23 24 25 33 44 52 53 56
55 10 0 1 2 11 22 33 44 57 58 59
56 12 0 11 22 23 24 33 44 50 51 52 53 54
57 9 1 2 11 22 33 44 55 58 59
58 7 1 2 33 44 55 57 59
59 7 1 2 33 44 55 57 58
