0 1 0.81818
0 3 0.75000
1 2 0.72123
1 3 0.82072
1 4 0.89219
2 3 0.85567
2 4 0.84351
2 5 0.78333
3 4 0.74426
3 5 0.81019
3 6 0.82432
4 5 0.84289
4 6 0.63763
4 7 0.71429
5 6 0.63196
5 7 0.53333
5 8 0.70667
6 7 0.56229
6 8 0.44624
6 9 0.37500
7 8 0.83402
7 9 0.73026
7 10 0.72018
8 9 0.70034
8 10 0.70192
8 11 0.79245
9 10 0.78733
9 11 0.93023
9 12 0.83908
10 11 0.94737
10 12 0.85387
10 13 0.96078
11 12 0.90000
11 13 0.96296
11 14 0.95833
12 13 0.94539
12 14 0.96774
12 15 0.96347
13 14 0.95302
13 15 0.97074
13 16 0.96198
14 15 0.94105
14 16 0.98834
14 17 0.96071
15 16 0.98547
15 17 0.98000
15 18 0.98266
16 17 0.89805
16 18 0.98157
16 19 0.94702
17 18 0.83591
17 19 0.94231
17 20 0.96175
18 19 0.81984
18 20 0.95313
18 21 0.89630
19 20 0.74510
19 21 0.84615
19 22 0.90909
20 21 0.71627
20 23 0.41463
21 22 0.72414
21 23 0.55172
21 24 0.50855
22 23 0.65000
22 24 0.76812
22 25 0.84848
23 24 0.80401
23 25 0.53503
23 26 0.72500
24 25 0.88290
24 26 0.85106
24 27 0.84795
25 26 0.83516
25 27 0.91575
25 28 0.92952
26 27 0.89645
26 28 0.95447
26 29 0.90476
27 28 0.92486
27 29 0.96540
27 30 0.92143
28 29 0.97941
28 30 0.91350
28 31 0.91398
29 30 0.98982
29 31 0.96825
29 32 0.92778
30 31 0.98543
30 32 0.98858
30 33 1.00000
31 32 0.98900
31 33 0.98113
31 34 0.98367
32 33 0.97727
32 34 0.97067
32 35 0.96386
33 34 0.95455
34 35 0.88007
34 36 0.88318
34 37 0.91513
35 36 0.67486
35 37 0.75436
35 38 0.56667
36 37 0.83830
36 38 0.63696
36 39 0.44615
37 38 0.49507
37 39 0.47938
37 40 0.31579
38 39 0.59408
38 40 0.57762
38 41 0.60169
39 40 0.65319
39 41 0.74716
39 42 0.83511
40 41 0.75180
40 42 0.85714
40 43 0.85232
41 42 0.85172
41 43 0.88571
41 44 0.98246
42 43 0.82975
42 44 0.98649
42 45 0.89163
43 44 0.98630
43 45 0.87097
43 46 0.88192
44 45 0.98529
44 46 0.97222
44 47 0.98529
45 46 0.91429
45 47 0.88727
45 48 0.90524
46 47 0.86905
46 48 0.91667
46 49 0.89199
47 48 0.89606
47 49 0.93500
47 50 0.93958
48 49 0.87312
48 50 0.92148
48 51 0.95719
49 50 0.88136
49 51 0.88679
49 52 0.89020
50 51 0.86213
50 52 0.84167
50 53 0.77778
51 52 0.78251
51 53 0.75789
51 54 0.58400
52 53 0.75944
52 54 0.72881
52 55 0.95000
53 54 0.65602
53 56 0.62548
54 55 0.42857
54 56 0.76419
54 57 0.88889
55 56 0.72727
55 57 0.83004
55 58 0.86957
56 57 0.88000
56 58 1.00000
56 59 0.95238
57 58 0.93473
57 59 0.89736
58 59 0.77496
