1 2 0.65484
1 3 0.45455
1 4 0.39355
2 3 0.57190
2 4 0.43602
2 5 0.42353
3 4 0.58205
3 5 0.52564
3 6 0.48555
4 5 0.73165
4 6 0.54480
4 7 0.43902
5 6 0.53097
5 7 0.40099
5 8 0.32407
6 7 0.58413
6 8 0.40415
6 9 0.39837
7 8 0.54251
7 9 0.41546
7 10 0.41304
8 9 0.59011
8 10 0.51493
9 10 0.56716
9 12 0.60096
10 12 0.75120
10 13 0.58607
12 13 0.63566
12 14 0.69048
12 15 0.50350
13 14 0.82025
13 15 0.60811
13 16 0.58940
14 15 0.64898
14 16 0.60377
14 17 0.54701
15 16 0.65455
15 17 0.61321
15 18 0.55462
16 17 0.75831
16 18 0.53266
16 19 0.58602
17 18 0.75652
17 19 0.68421
17 20 0.47619
18 19 0.89556
18 20 0.48990
18 21 0.54795
19 20 0.51402
19 21 0.46512
20 21 0.75135
20 23 0.60714
21 23 0.70186
21 24 0.66667
23 24 0.81197
23 25 0.74359
23 26 0.53279
24 25 0.95053
24 26 0.55046
24 27 0.45902
25 26 0.58025
25 27 0.43750
25 28 0.42623
26 27 0.71331
26 28 0.57310
26 29 0.53409
27 28 0.77689
27 29 0.69767
27 30 0.47436
28 29 0.66351
28 30 0.48515
28 31 0.66667
29 30 0.64615
29 31 0.56452
29 32 0.41667
30 31 0.61261
30 32 0.59615
31 32 0.66368
31 34 0.50323
32 34 0.59009
32 35 0.53543
34 35 0.53456
34 36 0.45946
34 37 0.38298
35 36 0.43609
35 37 0.40845
35 38 0.33333
36 37 0.40625
36 38 0.36283
36 39 0.41667
37 38 0.53755
37 39 0.35294
37 40 0.45283
38 39 0.44118
38 40 0.33333
38 41 0.38462
39 40 0.55411
39 41 0.43689
39 42 0.31429
40 41 0.43128
40 42 0.34884
40 43 0.34694
41 42 0.38043
41 43 0.29661
42 43 0.60938
42 45 0.40714
43 45 0.42857
43 46 0.37963
45 46 0.73810
45 47 0.34783
45 48 0.42222
46 47 0.39423
46 48 0.34884
46 49 0.41860
47 48 0.71071
47 49 0.49254
47 50 0.33333
48 49 0.51852
48 50 0.42069
48 51 0.38182
49 50 0.53097
49 51 0.33945
49 52 0.36620
50 51 0.47598
50 52 0.36242
50 53 0.35088
51 52 0.61338
51 53 0.37719
51 54 0.39130
52 53 0.35938
52 54 0.35484
53 54 0.40141
53 56 0.49505
54 55 0.75000
54 56 0.89646
55 56 0.66667
55 57 0.50000
55 58 0.45872
57 58 0.49425
57 59 0.33333
58 59 0.44805
