0 11 0.67331
0 22 0.68651
0 33 0.77540
0 44 0.82278
0 51 0.00000
0 52 0.45455
0 53 0.73626
0 54 0.65875
0 55 0.83871
0 56 0.61538
0 57 0.82353
0 58 0.91667
1 2 0.40708
1 3 0.23776
1 4 0.26316
1 44 0.55172
1 55 0.38000
1 57 0.43750
1 58 0.54545
1 59 0.51026
2 3 0.27231
2 4 0.26667
2 5 0.27586
2 6 0.00000
2 55 0.00000
2 57 0.00000
2 58 0.36000
2 59 0.38983
3 4 0.50215
3 5 0.40308
3 6 0.47561
3 7 0.56098
3 8 0.52174
3 59 0.00000
4 5 0.49191
4 6 0.46392
4 7 0.50000
4 8 0.45161
5 6 0.43260
5 7 0.48438
5 8 0.45455
5 9 0.73684
6 7 0.57394
6 8 0.47735
6 9 0.71014
6 10 0.48148
6 12 0.70000
7 8 0.74286
7 9 0.77093
7 10 0.81955
7 12 0.73529
7 13 0.82500
7 14 0.80000
8 9 0.75210
8 10 0.82576
8 12 0.89444
8 13 0.86538
8 14 0.78182
8 15 0.76471
9 10 0.73513
9 12 0.76211
9 13 0.83444
9 14 0.87245
9 15 0.90625
10 12 0.79928
10 13 0.79518
10 14 0.78540
10 15 0.91135
10 16 0.91837
10 17 0.88235
11 22 0.70356
11 33 0.71044
11 44 0.80469
11 51 0.00000
11 52 0.35714
11 53 0.83516
11 54 0.77990
11 55 0.81034
11 56 0.75072
11 57 0.79688
11 58 0.86842
12 13 0.79502
12 14 0.75112
12 15 0.85429
12 16 0.88372
12 17 0.73077
13 14 0.82252
13 15 0.79742
13 16 0.87574
13 17 0.84375
14 15 0.77228
14 16 0.81757
14 17 0.71000
14 18 0.00000
15 16 0.77371
15 17 0.76098
15 18 0.49275
16 17 0.67456
16 18 0.68649
16 19 0.48837
16 20 0.52174
17 18 0.56921
17 19 0.27451
17 20 0.40909
17 21 0.00000
18 19 0.27027
18 20 0.32394
18 21 0.42857
19 20 0.60369
19 21 0.45540
19 23 0.51685
19 24 0.64516
20 21 0.45477
20 23 0.58282
20 24 0.69014
20 25 0.45714
21 23 0.66727
21 24 0.63725
21 25 0.69892
21 26 0.76471
22 33 0.68692
22 44 0.79426
22 53 0.94366
22 54 0.82353
22 55 0.81517
22 56 0.78161
22 57 0.87273
22 58 0.86747
23 24 0.65354
23 25 0.81818
23 26 0.80702
24 25 0.62338
24 26 0.80132
24 27 0.61290
24 28 0.71429
25 26 0.72022
25 27 0.78571
25 28 0.83051
25 29 0.82353
26 27 0.65517
26 28 0.80620
26 29 0.80488
26 30 0.70000
27 28 0.73729
27 29 0.68269
27 30 0.76000
28 29 0.64440
28 30 0.66000
28 31 0.00000
29 30 0.58014
29 31 0.37500
30 31 0.48889
30 32 0.40909
30 34 0.38710
31 32 0.49010
31 34 0.49373
31 35 0.56140
31 36 0.33333
31 37 0.00000
32 34 0.71785
32 35 0.74684
32 36 0.72360
32 37 0.65979
32 38 0.68889
32 39 0.50000
33 44 0.67988
33 54 0.92857
33 55 0.70000
33 56 0.89130
33 57 0.72973
33 58 0.76279
33 59 0.56667
34 35 0.75819
34 36 0.71396
34 37 0.75301
34 38 0.70536
34 39 0.59155
34 40 0.68750
35 36 0.80137
35 37 0.81233
35 38 0.84274
35 39 0.78756
35 40 0.78462
35 41 0.75000
35 42 0.69565
36 37 0.78973
36 38 0.80352
36 39 0.82440
36 40 0.74251
36 41 0.85714
36 42 0.80392
37 38 0.82329
37 39 0.86780
37 40 0.88736
37 41 0.86939
37 42 0.86878
37 43 0.74545
37 45 0.84615
38 39 0.76942
38 40 0.85024
38 41 0.80870
38 42 0.83333
38 43 0.80769
39 40 0.84709
39 41 0.89865
39 42 0.92548
39 43 0.91071
39 45 0.90476
39 46 0.89474
40 41 0.88035
40 42 0.89220
40 43 0.86275
40 45 0.90426
40 46 0.88235
40 47 0.88235
41 42 0.92183
41 43 0.86131
41 45 0.89197
41 46 0.90625
41 47 0.87500
42 43 0.87770
42 45 0.87032
42 46 0.87255
42 47 0.86047
43 45 0.88206
43 46 0.85366
43 47 0.83077
43 48 0.71739
43 49 0.58824
44 54 1.00000
44 55 0.69029
44 56 0.87500
44 57 0.74058
44 58 0.68552
44 59 0.63934
45 46 0.89441
45 47 0.74793
45 48 0.68254
45 49 0.50000
46 47 0.80500
46 48 0.54118
46 49 0.64286
46 50 0.70270
46 51 0.83333
46 52 0.79167
47 48 0.61063
47 49 0.58491
47 50 0.35417
47 51 0.33333
47 52 0.38298
48 49 0.48918
48 50 0.43478
48 51 0.25984
48 52 0.24490
48 53 0.00000
49 50 0.41600
49 51 0.32233
49 52 0.28066
49 53 0.27119
49 54 0.00000
50 51 0.51132
50 52 0.46117
50 53 0.48416
50 54 0.50602
50 56 0.00000
51 52 0.87357
51 53 0.51724
51 54 0.62025
51 56 0.49091
52 53 0.41262
52 54 0.56548
52 56 0.43077
53 54 0.61912
53 55 0.73684
53 56 0.68997
54 55 0.87097
54 56 0.63465
55 56 0.89583
55 57 0.71100
55 58 0.69959
55 59 0.67647
56 57 0.88889
57 58 0.78232
57 59 0.68889
58 59 0.63614
