VISDATA
56
0 5 1 2 3 4 5
1 5 0 2 3 4 5
2 8 0 1 3 4 5 6 7 8
3 8 0 1 2 4 5 6 7 8
4 10 0 1 2 3 5 6 7 8 9 10
5 11 0 1 2 3 4 6 7 8 9 10 11
6 9 2 3 4 5 7 8 9 10 11
7 11 2 3 4 5 6 8 9 10 11 12 13
8 11 2 3 4 5 6 7 9 10 11 12 13
9 10 4 5 6 7 8 10 11 12 13 14
10 12 4 5 6 7 8 9 11 12 13 14 15 16
11 11 5 6 7 8 9 10 12 13 14 15 16
12 11 7 8 9 10 11 13 14 15 16 17 18
13 11 7 8 9 10 11 12 14 15 16 17 18
14 9 9 10 11 12 13 15 16 17 18
15 10 10 11 12 13 14 16 17 18 19 20
16 12 10 11 12 13 14 15 17 18 19 20 21 22
17 10 12 13 14 15 16 18 19 20 21 22
18 11 12 13 14 15 16 17 19 20 21 22 23
19 10 15 16 17 18 20 21 22 23 24 25
20 10 15 16 17 18 19 21 22 23 24 25
21 9 16 17 18 19 20 22 23 24 25
22 10 16 17 18 19 20 21 23 24 25 26
23 9 18 19 20 21 22 24 25 26 27
24 11 19 20 21 22 23 25 26 27 28 29 30
25 11 19 20 21 22 23 24 26 27 28 29 30
26 9 22 23 24 25 27 28 29 30 31
27 9 23 24 25 26 28 29 30 31 32
28 9 24 25 26 27 29 30 31 32 33
29 11 24 25 26 27 28 30 31 32 33 34 35
30 12 24 25 26 27 28 29 31 32 33 34 35 36
31 11 26 27 28 29 30 32 33 34 35 36 37
32 11 27 28 29 30 31 33 34 35 36 37 38
33 11 28 29 30 31 32 34 35 36 37 38 39
34 11 29 30 31 32 33 35 36 37 38 39 41
35 12 29 30 31 32 33 34 36 37 38 39 41 42
36 13 30 31 32 33 34 35 37 38 39 41 42 43 44
37 18 31 32 33 34 35 36 38 39 41 42 43 44 45 46 47 48 49 50
38 18 32 33 34 35 36 37 39 41 42 43 44 45 46 47 48 49 50 52
39 17 33 34 35 36 37 38 41 42 43 44 45 46 47 48 49 50 52
40 0
41 16 34 35 36 37 38 39 42 43 44 45 46 47 48 49 50 52
42 15 35 36 37 38 39 41 43 44 45 46 47 48 49 50 52
43 14 36 37 38 39 41 42 44 45 46 47 48 49 50 52
44 14 36 37 38 39 41 42 43 45 46 47 48 49 50 52
45 13 37 38 39 41 42 43 44 46 47 48 49 50 52
46 13 37 38 39 41 42 43 44 45 47 48 49 50 52
47 15 37 38 39 41 42 43 44 45 46 48 49 50 51 52 53
48 13 37 38 39 41 42 43 44 45 46 47 49 50 52
49 14 37 38 39 41 42 43 44 45 46 47 48 50 51 52
50 13 37 38 39 41 42 43 44 45 46 47 48 49 52
51 6 47 49 52 53 54 55
52 14 38 39 41 42 43 44 45 46 47 48 49 50 51 53
53 5 47 51 52 54 55
54 3 51 53 55
55 3 51 53 54
