0 1 0.82353
0 3 0.77273
1 2 0.69817
1 3 0.84810
1 4 0.88806
2 3 0.82920
2 4 0.88462
2 5 0.77778
3 4 0.78090
3 5 0.75646
3 6 0.82716
4 5 0.80404
4 6 0.67508
4 7 0.69048
5 6 0.71622
5 7 0.62179
5 8 0.62626
6 7 0.43974
6 8 0.46465
6 9 0.42268
7 8 0.79922
7 9 0.69481
7 10 0.67500
8 9 0.70199
8 10 0.69683
8 11 0.83721
9 10 0.75402
9 11 0.89189
9 12 0.81439
10 11 0.89655
10 12 0.85054
10 13 0.95638
11 12 0.88000
11 13 0.90476
11 14 0.85000
12 13 0.94498
12 14 0.95971
12 15 0.97817
13 14 0.94292
13 15 0.95561
13 16 0.95572
14 15 0.91614
14 16 0.99104
14 17 0.96466
15 16 0.96389
15 17 0.97638
15 18 0.94382
16 17 0.87253
16 18 0.97976
16 19 0.98065
17 18 0.84789
17 19 0.95197
17 20 0.94301
18 19 0.84058
18 20 0.92377
18 21 0.91837
19 20 0.76022
19 21 0.80000
19 22 0.86364
20 21 0.73805
20 22 0.00000
20 23 0.43094
21 22 0.57143
21 23 0.58507
21 24 0.58996
22 23 0.60684
22 24 0.78977
22 25 0.91848
23 24 0.81308
23 25 0.60724
23 26 0.75172
24 25 0.84694
24 26 0.82770
24 27 0.83158
25 26 0.86682
25 27 0.86347
25 28 0.84475
26 27 0.88687
26 28 0.93232
26 29 0.91738
27 28 0.91253
27 29 0.96142
27 30 0.91707
28 29 0.96978
28 30 0.91574
28 31 0.90672
29 30 0.98736
29 31 0.98129
29 32 0.89514
30 31 0.97574
30 32 0.97364
30 33 0.98684
31 32 0.98805
31 33 0.98039
31 34 0.97244
32 33 0.96364
32 34 0.97740
32 35 0.94521
33 34 0.92000
33 35 0.91304
33 36 0.84615
34 35 0.85737
34 36 0.86713
34 37 0.86102
35 36 0.67585
35 37 0.75128
35 38 0.58763
36 37 0.83913
36 38 0.63988
36 39 0.34899
37 38 0.55324
37 39 0.44550
37 40 0.35227
38 39 0.58516
38 40 0.53642
38 41 0.63462
39 40 0.58589
39 41 0.69591
39 42 0.71591
40 41 0.73211
40 42 0.78718
40 43 0.81028
41 42 0.81100
41 43 0.85683
41 44 1.00000
42 43 0.79623
42 44 1.00000
42 45 0.87927
43 44 0.98630
43 45 0.85443
43 46 0.87241
44 45 0.94737
44 46 0.96203
44 47 1.00000
45 46 0.89796
45 47 0.89007
45 48 0.90547
46 47 0.88286
46 48 0.89063
46 49 0.88750
47 48 0.87813
47 49 0.88403
47 50 0.93413
48 49 0.87238
48 50 0.94382
48 51 0.94350
49 50 0.82582
49 51 0.86217
49 52 0.87365
50 51 0.84127
50 52 0.81944
50 53 0.75203
51 52 0.77707
51 53 0.68013
51 54 0.51563
52 53 0.71940
52 54 0.72541
52 55 0.92593
53 54 0.56897
53 56 0.54762
54 55 0.50000
54 56 0.63894
54 57 0.95000
55 56 0.62000
55 57 0.79725
55 58 0.88720
56 57 0.77778
56 58 0.92308
56 59 0.85714
57 58 0.92610
57 59 0.91667
58 59 0.77645
