1 2 0.47708
1 3 0.39759
1 4 0.46512
2 3 0.44872
2 4 0.42308
2 5 0.00000
3 4 0.39385
3 5 0.32487
3 6 0.58065
4 5 0.33333
4 6 0.41549
4 7 0.62264
5 6 0.31287
5 7 0.27848
5 8 0.46053
6 7 0.44020
6 8 0.28671
6 9 0.30496
7 8 0.31085
7 9 0.25600
7 10 0.35135
8 9 0.49499
8 10 0.23936
9 10 0.36007
9 12 0.37900
10 12 0.35902
10 13 0.25786
12 13 0.43425
12 14 0.49367
12 15 0.50515
13 14 0.22343
13 15 0.35912
13 16 0.58929
14 15 0.58333
14 16 0.36723
14 17 0.24762
15 16 0.37533
15 17 0.28141
15 18 0.31818
16 17 0.77978
16 18 0.41341
16 19 0.34146
17 18 0.47594
17 19 0.32051
17 20 0.30556
18 19 0.44172
18 20 0.25191
18 21 0.68817
19 20 0.62100
19 21 0.34118
20 21 0.25641
20 23 0.50658
21 23 0.65930
21 24 0.41076
23 24 0.62679
23 25 0.56667
23 26 0.38462
24 25 0.37008
24 26 0.30986
24 27 0.60417
25 26 0.49034
25 27 0.44643
25 28 0.46809
26 27 0.55961
26 28 0.42453
26 29 0.59375
27 28 0.64848
27 29 0.90751
27 30 0.93750
28 29 0.54624
28 30 0.80769
28 31 0.89130
29 30 0.41972
29 31 0.66065
29 32 0.83929
30 31 0.41108
30 32 0.61340
31 32 0.43810
31 34 0.57785
32 34 0.30526
32 35 0.39535
34 35 0.40079
34 36 0.46753
34 37 0.00000
35 36 0.40596
35 37 0.35404
35 38 0.29545
36 37 0.56631
36 38 0.41026
36 39 0.29762
37 38 0.55628
37 39 0.39241
37 40 0.29474
38 39 0.46787
38 40 0.41398
38 41 0.42593
39 40 0.41311
39 41 0.35971
39 42 0.32432
40 41 0.33408
40 42 0.30667
40 43 0.39344
41 42 0.37333
41 43 0.49624
42 43 0.54918
42 45 0.32719
43 45 0.43656
43 46 0.57269
44 47 0.86957
45 46 0.38864
45 47 0.38125
45 48 0.44068
46 47 0.49892
46 48 0.51885
46 49 0.63396
47 48 0.72444
47 49 0.51252
47 50 0.51969
48 49 0.48316
48 50 0.53799
48 51 0.55253
49 50 0.67966
49 51 0.44776
49 52 0.50729
50 51 0.52727
50 52 0.40230
50 53 0.52066
51 52 0.64758
51 53 0.42259
51 54 0.54891
52 53 0.63092
52 54 0.54000
52 55 0.79167
53 54 0.48168
53 55 0.77273
53 56 0.43218
54 55 0.73684
54 56 0.58549
54 57 0.77778
55 56 0.78947
55 57 0.65051
55 58 0.39482
56 57 0.80952
57 58 0.43807
57 59 0.47170
58 59 0.58302
