1 2 0.68421
1 3 0.33333
1 4 0.24523
2 3 0.42000
2 4 0.22619
2 5 0.25366
3 4 0.58940
3 5 0.42767
3 6 0.40611
4 5 0.63107
4 6 0.36531
4 7 0.28169
5 6 0.53028
5 7 0.31496
5 8 0.22222
6 7 0.47755
6 8 0.33657
6 9 0.35185
7 8 0.40000
7 9 0.40708
7 10 0.40741
8 9 0.60152
8 10 0.58034
9 10 0.64323
9 12 0.53333
10 12 0.57215
10 13 0.40751
12 13 0.51885
12 14 0.46106
12 15 0.24260
13 14 0.29351
13 15 0.36455
13 16 0.48045
14 15 0.44689
14 16 0.27033
14 17 0.37666
15 16 0.43601
15 17 0.27334
15 18 0.43496
16 17 0.38777
16 18 0.34858
16 19 0.39100
17 18 0.47912
17 19 0.56136
17 20 0.49275
18 19 0.35377
18 20 0.24835
18 21 0.58659
19 20 0.38638
19 21 0.37458
20 21 0.23822
20 23 0.46121
21 23 0.25389
21 24 0.31174
23 24 0.19219
23 25 0.32267
23 26 0.28682
24 25 0.67778
24 26 0.25328
24 27 0.44578
25 26 0.35397
25 27 0.32955
25 28 0.59420
26 27 0.22778
26 28 0.38462
26 29 0.51429
27 28 0.25424
27 29 0.32432
27 30 0.63636
28 29 0.39235
28 30 0.21368
28 31 0.32759
29 30 0.44012
29 31 0.43583
29 32 0.47126
30 31 0.82716
30 32 0.62712
31 32 0.68799
31 34 0.47857
32 34 0.47326
32 35 0.32394
34 35 0.46244
34 36 0.31472
34 37 0.35256
35 36 0.38386
35 37 0.42481
35 38 0.72727
36 37 0.60209
36 38 0.33563
36 39 0.33149
37 38 0.35321
37 39 0.32838
37 40 0.36616
38 39 0.30519
38 40 0.21359
38 41 0.50000
39 40 0.46570
39 41 0.52308
39 42 0.80909
40 41 0.32505
40 42 0.59551
40 43 0.53191
41 42 0.33747
41 43 0.34314
42 43 0.53793
42 45 0.47399
43 45 0.68918
43 46 0.38925
45 46 0.46056
45 47 0.26409
45 48 0.30496
46 47 0.44846
46 48 0.30068
46 49 0.29379
47 48 0.52438
47 49 0.31034
47 50 0.27848
48 49 0.52236
48 50 0.25510
48 51 0.22509
49 50 0.44250
49 51 0.28926
49 52 0.23649
50 51 0.56905
50 52 0.28649
50 53 0.25333
51 52 0.44983
51 53 0.26338
51 54 0.29730
52 53 0.75948
52 54 0.28827
53 54 0.50000
53 56 0.33516
54 56 0.57329
55 57 0.41000
55 58 0.28710
57 58 0.48289
57 59 0.29421
58 59 0.30769
