0 1 0.47059
1 2 0.58176
1 3 0.43762
1 4 0.38963
2 3 0.50246
2 4 0.58765
2 5 0.28755
3 4 0.97348
3 5 0.39372
3 6 0.32663
4 5 0.42911
4 6 0.35614
4 7 0.30286
5 6 0.98689
5 7 0.53340
5 8 0.45354
6 7 0.63560
6 8 0.45870
6 9 0.38118
7 8 0.71655
7 9 0.38882
7 10 0.33761
8 9 0.62343
8 10 0.39680
9 10 0.57679
9 12 0.40875
10 12 0.85213
10 13 0.51106
12 13 0.74068
12 14 0.54900
12 15 0.49417
13 14 0.78660
13 15 0.59360
13 16 0.53666
14 15 0.79446
14 16 0.66494
14 17 0.44993
15 16 0.91846
15 17 0.54022
15 18 0.48499
16 17 0.69678
16 18 0.48391
16 19 0.50179
17 18 0.67005
17 19 0.55460
17 20 0.50000
18 19 0.76952
18 20 0.67954
18 21 0.47295
19 20 0.84714
19 21 0.62774
20 21 0.67814
20 23 0.62414
21 23 0.93540
21 24 0.60480
23 24 0.66667
23 25 0.62829
23 26 0.51119
24 25 0.68722
24 26 0.60325
24 27 0.53036
25 26 0.92211
25 27 0.61402
25 28 0.49669
26 27 0.72492
26 28 0.51292
26 29 0.44569
27 28 0.54616
27 29 0.46878
27 30 0.41089
28 29 0.89835
28 30 0.63325
28 31 0.43713
29 30 0.91078
29 31 0.45788
29 32 0.56766
30 31 0.60832
30 32 0.47972
31 32 0.38319
31 34 0.39726
32 34 0.71443
32 35 0.39228
34 35 0.49388
34 36 0.38689
34 37 0.48980
35 36 0.58328
35 37 0.39939
35 38 0.52394
36 37 0.56911
36 38 0.38235
36 39 0.57377
37 38 0.45198
37 39 0.52392
38 39 0.48729
41 42 0.94782
41 43 0.62921
41 44 0.55134
42 43 0.72166
42 44 0.61159
42 45 0.42903
43 44 0.71955
43 45 0.49482
44 45 0.55664
