1 2 0.41250
1 3 0.62791
1 4 0.79487
2 3 0.51053
2 4 0.84259
2 5 0.86207
3 4 0.84483
3 5 0.78788
3 6 0.91837
4 5 0.56696
4 6 0.89048
4 7 1.00000
5 6 0.96049
5 7 0.99620
5 8 1.00000
6 7 0.90777
6 8 0.99681
6 9 1.00000
7 8 0.93521
7 9 0.98693
7 10 0.98077
8 9 0.90643
8 10 0.92308
9 10 0.81900
9 12 0.97647
10 12 0.86617
10 13 1.00000
12 13 0.88593
12 14 0.99468
12 15 1.00000
13 14 0.66774
13 15 0.98919
13 16 1.00000
14 15 0.83913
14 16 1.00000
14 17 0.94737
15 16 0.65803
15 17 0.77049
16 17 0.51282
16 18 0.68182
16 19 0.88889
17 18 0.68627
17 19 0.82353
17 20 0.88000
18 19 0.51271
18 20 0.58667
18 21 0.58696
19 20 0.35227
19 21 0.41176
20 21 0.87541
20 23 0.71845
21 23 0.88769
21 24 0.37755
23 24 0.38346
25 26 0.28571
25 27 0.44444
26 27 0.42991
26 28 0.38710
27 28 0.42623
28 29 0.61765
28 30 0.48837
29 30 0.46377
30 31 0.83019
30 32 0.72222
31 32 0.41379
31 34 0.70000
32 34 0.36364
32 35 0.47619
34 35 0.55556
34 36 0.71429
34 37 0.65217
35 36 0.64130
35 37 0.63462
36 37 0.80328
36 38 0.38235
37 38 0.38889
37 39 0.41667
37 40 0.72222
38 39 0.46667
38 40 0.68000
39 40 0.65179
39 41 0.73529
39 42 0.69231
40 41 0.74074
40 42 0.58209
40 43 0.56250
41 42 0.54348
42 43 0.50000
42 45 0.70455
43 45 0.73684
43 46 0.58333
45 46 0.28947
46 47 0.00000
47 48 0.43787
48 49 0.60000
50 51 0.57692
50 52 0.53846
51 52 0.85559
51 53 0.00000
52 53 0.53571
52 54 0.59375
53 54 0.52632
54 55 0.43333
54 56 0.49390
55 56 0.78689
55 57 0.41667
56 57 0.63158
57 58 0.57143
57 59 0.38889
58 59 0.90490
