VISDATA
50
0 16 1 2 3 4 5 6 7 8 9 10 11 12 13 14 15 16
1 16 0 2 3 4 5 6 7 8 9 10 11 12 13 14 15 16
2 17 0 1 3 4 5 6 7 8 9 10 11 12 13 14 15 16 17
3 17 0 1 2 4 5 6 7 8 9 10 11 12 13 14 15 16 17
4 17 0 1 2 3 5 6 7 8 9 10 11 12 13 14 15 16 17
5 18 0 1 2 3 4 6 7 8 9 10 11 12 13 14 15 16 17 18
6 18 0 1 2 3 4 5 7 8 9 10 11 12 13 14 15 16 17 18
7 18 0 1 2 3 4 5 6 8 9 10 11 12 13 14 15 16 17 18
8 18 0 1 2 3 4 5 6 7 9 10 11 12 13 14 15 16 17 18
9 18 0 1 2 3 4 5 6 7 8 10 11 12 13 14 15 16 17 18
10 18 0 1 2 3 4 5 6 7 8 9 11 12 13 14 15 16 17 18
11 18 0 1 2 3 4 5 6 7 8 9 10 12 13 14 15 16 17 18
12 21 0 1 2 3 4 5 6 7 8 9 10 11 13 14 15 16 17 18 19 20 21
13 21 0 1 2 3 4 5 6 7 8 9 10 11 12 14 15 16 17 18 19 20 21
14 26 0 1 2 3 4 5 6 7 8 9 10 11 12 13 15 16 17 18 19 20 21 22 23 24 25 26
15 27 0 1 2 3 4 5 6 7 8 9 10 11 12 13 14 16 17 18 19 20 21 22 23 24 25 26 27
16 27 0 1 2 3 4 5 6 7 8 9 10 11 12 13 14 15 17 18 19 20 21 22 23 24 25 26 27
17 26 2 3 4 5 6 7 8 9 10 11 12 13 14 15 16 18 19 20 21 22 23 24 25 26 27 28
18 23 5 6 7 8 9 10 11 12 13 14 15 16 17 19 20 21 22 23 24 25 26 27 28
19 17 12 13 14 15 16 17 18 20 21 22 23 24 25 26 27 28 29
20 18 12 13 14 15 16 17 18 19 21 22 23 24 25 26 27 28 29 30
21 18 12 13 14 15 16 17 18 19 20 22 23 24 25 26 27 28 29 30
22 19 14 15 16 17 18 19 20 21 23 24 25 26 27 28 29 30 31 32 33
23 19 14 15 16 17 18 19 20 21 22 24 25 26 27 28 29 30 31 32 33
24 19 14 15 16 17 18 19 20 21 22 23 25 26 27 28 29 30 31 32 33
25 20 14 15 16 17 18 19 20 21 22 23 24 26 27 28 29 30 31 32 33 34
26 20 14 15 16 17 18 19 20 21 22 23 24 25 27 28 29 30 31 32 33 34
27 19 15 16 17 18 19 20 21 22 23 24 25 26 28 29 30 31 32 33 34
28 17 17 18 19 20 21 22 23 24 25 26 27 29 30 31 32 33 34
29 15 19 20 21 22 23 24 25 26 27 28 30 31 32 33 34
30 17 20 21 22 23 24 25 26 27 28 29 31 32 33 34 35 36 37
31 15 22 23 24 25 26 27 28 29 30 32 33 34 35 36 37
32 16 22 23 24 25 26 27 28 29 30 31 33 34 35 36 37 38
33 17 22 23 24 25 26 27 28 29 30 31 32 34 35 36 37 38 39
34 16 25 26 27 28 29 30 31 32 33 35 36 37 38 39 40 41
35 12 30 31 32 33 34 36 37 38 39 40 41 42
36 14 30 31 32 33 34 35 37 38 39 40 41 42 43 44
37 15 30 31 32 33 34 35 36 38 39 40 41 42 43 44 45
38 14 32 33 34 35 36 37 39 40 41 42 43 44 45 46
39 15 33 34 35 36 37 38 40 41 42 43 44 45 46 47 48
40 14 34 35 36 37 38 39 41 42 43 44 45 46 47 48
41 15 34 35 36 37 38 39 40 42 43 44 45 46 47 48 49
42 14 35 36 37 38 39 40 41 43 44 45 46 47 48 49
43 13 36 37 38 39 40 41 42 44 45 46 47 48 49
44 13 36 37 38 39 40 41 42 43 45 46 47 48 49
45 12 37 38 39 40 41 42 43 44 46 47 48 49
46 11 38 39 40 41 42 43 44 45 47 48 49
47 10 39 40 41 42 43 44 45 46 48 49
48 10 39 40 41 42 43 44 45 46 47 49
49 8 41 42 43 44 45 46 47 48
