VISDATA
26
0 0
1 0
2 1 4
3 2 5 6
4 1 2
5 2 3 6
6 14 3 5 7 8 9 11 12 13 14 15 16 17 18 19
7 13 6 8 9 11 12 13 14 15 16 17 18 19 20
8 14 6 7 9 10 11 12 13 14 15 16 17 18 19 20
9 15 6 7 8 10 11 12 13 14 15 16 17 18 19 20 22
10 9 8 9 11 12 13 14 15 16 17
11 15 6 7 8 9 10 12 13 14 15 16 17 18 19 20 22
12 15 6 7 8 9 10 11 13 14 15 16 17 18 19 20 22
13 15 6 7 8 9 10 11 12 14 15 16 17 18 19 20 22
14 15 6 7 8 9 10 11 12 13 15 16 17 18 19 20 22
15 15 6 7 8 9 10 11 12 13 14 16 17 18 19 20 22
16 15 6 7 8 9 10 11 12 13 14 15 17 18 19 20 22
17 15 6 7 8 9 10 11 12 13 14 15 16 18 19 20 22
18 14 6 7 8 9 11 12 13 14 15 16 17 19 20 22
19 14 6 7 8 9 11 12 13 14 15 16 17 18 20 22
20 13 7 8 9 11 12 13 14 15 16 17 18 19 22
21 3 23 24 25
22 11 9 11 12 13 14 15 16 17 18 19 20
23 3 21 24 25
24 3 21 23 25
25 3 21 23 24
