0 2 0.88235
0 3 1.00000
1 2 0.77744
1 3 0.88651
1 4 0.88209
2 3 0.90708
2 4 0.86902
2 5 0.89375
3 4 0.90383
3 5 0.93626
3 6 0.94877
4 5 0.92269
4 6 0.92201
4 7 0.95022
5 6 0.91136
5 7 0.94059
5 8 0.96856
6 7 0.91036
6 8 0.94282
6 9 0.88435
7 8 0.89013
7 9 0.91329
7 10 0.72464
8 9 0.94271
8 10 0.83105
8 11 0.97297
9 10 0.91756
9 11 0.92000
9 12 0.89602
10 12 0.73333
10 13 0.88462
12 13 0.76471
12 14 0.68571
12 15 0.80769
13 14 0.51128
13 15 0.55963
13 16 0.64103
14 15 0.57763
14 16 0.70914
14 17 0.41026
15 16 0.71991
15 17 0.49495
15 18 0.73620
16 17 0.47368
16 18 0.77165
17 18 0.63768
17 20 0.94444
18 20 0.96610
18 21 0.98750
20 21 0.86058
20 23 0.78808
21 23 0.81529
21 24 0.88068
23 24 0.77500
23 25 0.84127
23 26 0.78182
24 25 0.82667
24 26 0.85068
24 27 0.87042
25 26 0.82635
25 27 0.81401
25 28 0.66197
26 27 0.81179
26 28 0.61957
26 29 0.80537
27 28 0.65882
27 29 0.78947
27 30 0.71429
28 29 0.48187
28 30 0.61702
28 31 0.57353
29 30 0.59869
29 31 0.56643
29 32 0.57143
30 31 0.76230
30 32 0.79624
31 32 0.67944
31 34 0.76418
32 34 0.83172
32 35 0.85564
34 35 0.87911
34 36 0.94859
34 37 0.92582
35 36 0.94411
35 37 0.97277
35 38 0.95512
36 37 0.96125
36 38 0.97149
36 39 0.97842
37 38 0.89120
37 39 0.91652
37 40 0.97066
38 39 0.89356
38 40 0.99913
38 41 0.99662
39 40 0.86842
39 41 0.99312
39 42 0.99808
40 41 0.97465
40 42 0.94911
40 43 0.97506
41 42 0.93113
41 43 0.99742
42 43 0.92257
42 45 0.90385
43 45 0.60392
43 46 0.84659
45 46 0.50510
45 47 0.48077
45 48 0.70370
46 47 0.39806
46 48 0.44595
46 49 0.46914
47 48 0.59854
47 49 0.67803
47 50 0.69536
48 49 0.73009
48 50 0.77636
48 51 0.70297
49 50 0.79253
49 51 0.80609
49 52 0.76098
50 51 0.82834
50 52 0.85926
50 53 0.88088
51 52 0.86435
51 53 0.90685
51 54 0.93506
52 53 0.84694
52 54 0.97143
52 55 0.88235
53 54 0.98958
53 55 0.82143
53 56 0.84615
54 55 0.84000
54 56 0.80180
54 57 0.57037
55 56 0.90323
55 58 0.41525
56 57 0.76190
56 58 0.83333
58 59 0.57835
58 60 0.66949
59 60 0.76496
