VISDATA
29
0 6 1 2 3 4 5 6
1 7 0 2 3 4 5 6 7
2 8 0 1 3 4 5 6 7 8
3 9 0 1 2 4 5 6 7 8 9
4 9 0 1 2 3 5 6 7 8 9
5 11 0 1 2 3 4 6 7 8 9 10 11
6 13 0 1 2 3 4 5 7 8 9 10 11 12 13
7 12 1 2 3 4 5 6 8 9 10 11 12 13
8 11 2 3 4 5 6 7 9 10 11 12 13
9 10 3 4 5 6 7 8 10 11 12 13
10 10 5 6 7 8 9 11 12 13 14 15
11 10 5 6 7 8 9 10 12 13 14 15
12 9 6 7 8 9 10 11 13 14 15
13 10 6 7 8 9 10 11 12 14 15 16
14 7 10 11 12 13 15 16 17
15 7 10 11 12 13 14 16 17
16 5 13 14 15 17 18
17 8 14 15 16 18 19 20 21 22
18 7 16 17 19 20 21 22 23
19 8 17 18 20 21 22 23 24 25
20 8 17 18 19 21 22 23 24 25
21 8 17 18 19 20 22 23 24 25
22 9 17 18 19 20 21 23 24 25 26
23 9 18 19 20 21 22 24 25 26 27
24 8 19 20 21 22 23 25 26 27
25 8 19 20 21 22 23 24 26 27
26 5 22 23 24 25 27
27 4 23 24 25 26
28 0
