VISDATA
43
0 8 1 2 3 4 5 6 7 9
1 12 0 2 3 4 5 6 7 8 9 10 11 12
2 12 0 1 3 4 5 6 7 8 9 10 11 12
3 12 0 1 2 4 5 6 7 8 9 10 11 12
4 12 0 1 2 3 5 6 7 8 9 10 11 12
5 14 0 1 2 3 4 6 7 8 9 10 11 12 13 14
6 14 0 1 2 3 4 5 7 8 9 10 11 12 13 14
7 16 0 1 2 3 4 5 6 8 9 10 11 12 13 14 15 16
8 14 1 2 3 4 5 6 7 9 10 11 12 13 14 15
9 17 0 1 2 3 4 5 6 7 8 10 11 12 13 14 15 16 17
10 16 1 2 3 4 5 6 7 8 9 11 12 13 14 15 16 17
11 16 1 2 3 4 5 6 7 8 9 10 12 13 14 15 16 17
12 16 1 2 3 4 5 6 7 8 9 10 11 13 14 15 16 17
13 13 5 6 7 8 9 10 11 12 14 15 16 17 18
14 22 5 6 7 8 9 10 11 12 13 15 16 17 18 19 20 21 22 23 24 25 26 27
15 21 7 8 9 10 11 12 13 14 16 17 18 19 20 21 22 23 24 25 26 27 28
16 20 7 9 10 11 12 13 14 15 17 18 19 20 21 22 23 24 25 26 27 28
17 20 9 10 11 12 13 14 15 16 18 19 20 21 22 23 24 25 26 27 28 29
18 16 13 14 15 16 17 19 20 21 22 23 24 25 26 27 28 29
19 15 14 15 16 17 18 20 21 22 23 24 25 26 27 28 29
20 15 14 15 16 17 18 19 21 22 23 24 25 26 27 28 29
21 16 14 15 16 17 18 19 20 22 23 24 25 26 27 28 29 30
22 15 14 15 16 17 18 19 20 21 23 24 25 26 27 28 29
23 16 14 15 16 17 18 19 20 21 22 24 25 26 27 28 29 30
24 16 14 15 16 17 18 19 20 21 22 23 25 26 27 28 29 30
25 16 14 15 16 17 18 19 20 21 22 23 24 26 27 28 29 30
26 16 14 15 16 17 18 19 20 21 22 23 24 25 27 28 29 30
27 17 14 15 16 17 18 19 20 21 22 23 24 25 26 28 29 30 31
28 17 15 16 17 18 19 20 21 22 23 24 25 26 27 29 30 31 32
29 20 17 18 19 20 21 22 23 24 25 26 27 28 30 31 32 33 34 35 36 37
30 16 21 23 24 25 26 27 28 29 31 32 33 34 35 36 37 39
31 12 27 28 29 30 32 33 34 35 36 37 38 39
32 11 28 29 30 31 33 34 35 36 37 38 39
33 11 29 30 31 32 34 35 36 37 38 39 40
34 10 29 30 31 32 33 35 36 37 38 39
35 11 29 30 31 32 33 34 36 37 38 39 40
36 11 29 30 31 32 33 34 35 37 38 39 40
37 11 29 30 31 32 33 34 35 36 38 39 40
38 11 31 32 33 34 35 36 37 39 40 41 42
39 10 30 31 32 33 34 35 36 37 38 40
40 8 33 35 36 37 38 39 41 42
41 3 38 40 42
42 3 38 40 41
