VISDATA
60
0 0
1 8 2 3 4 5 6 7 8 9
2 8 1 3 4 5 6 7 8 9
3 11 1 2 4 5 6 7 8 9 10 12 13
4 14 1 2 3 5 6 7 8 9 10 12 13 14 15 16
5 17 1 2 3 4 6 7 8 9 10 12 13 14 15 16 17 18 19
6 19 1 2 3 4 5 7 8 9 10 12 13 14 15 16 17 18 19 20 21
7 20 1 2 3 4 5 6 8 9 10 12 13 14 15 16 17 18 19 20 21 23
8 20 1 2 3 4 5 6 7 9 10 12 13 14 15 16 17 18 19 20 21 23
9 21 1 2 3 4 5 6 7 8 10 12 13 14 15 16 17 18 19 20 21 23 24
10 19 3 4 5 6 7 8 9 12 13 14 15 16 17 18 19 20 21 23 24
11 0
12 20 3 4 5 6 7 8 9 10 13 14 15 16 17 18 19 20 21 23 24 25
13 20 3 4 5 6 7 8 9 10 12 14 15 16 17 18 19 20 21 23 24 25
14 19 4 5 6 7 8 9 10 12 13 15 16 17 18 19 20 21 23 24 25
15 19 4 5 6 7 8 9 10 12 13 14 16 17 18 19 20 21 23 24 25
16 20 4 5 6 7 8 9 10 12 13 14 15 17 18 19 20 21 22 23 24 25
17 19 5 6 7 8 9 10 12 13 14 15 16 18 19 20 21 22 23 24 25
18 19 5 6 7 8 9 10 12 13 14 15 16 17 19 20 21 22 23 24 25
19 21 5 6 7 8 9 10 12 13 14 15 16 17 18 20 21 22 23 24 25 26 27
20 25 6 7 8 9 10 12 13 14 15 16 17 18 19 21 22 23 24 25 26 27 28 29 30 31 32
21 29 6 7 8 9 10 12 13 14 15 16 17 18 19 20 22 23 24 25 26 27 28 29 30 31 32 34 35 36 37
22 21 16 17 18 19 20 21 23 24 25 26 27 28 29 30 31 32 33 34 35 36 37
23 29 7 8 9 10 12 13 14 15 16 17 18 19 20 21 22 24 25 26 27 28 29 30 31 32 33 34 35 36 37
24 28 9 10 12 13 14 15 16 17 18 19 20 21 22 23 25 26 27 28 29 30 31 32 33 34 35 36 37 38
25 26 12 13 14 15 16 17 18 19 20 21 22 23 24 26 27 28 29 30 31 32 33 34 35 36 37 38
26 20 19 20 21 22 23 24 25 27 28 29 30 31 32 33 34 35 36 37 38 39
27 21 19 20 21 22 23 24 25 26 28 29 30 31 32 33 34 35 36 37 38 39 40
28 20 20 21 22 23 24 25 26 27 29 30 31 32 33 34 35 36 37 38 39 40
29 20 20 21 22 23 24 25 26 27 28 30 31 32 33 34 35 36 37 38 39 40
30 20 20 21 22 23 24 25 26 27 28 29 31 32 33 34 35 36 37 38 39 40
31 20 20 21 22 23 24 25 26 27 28 29 30 32 33 34 35 36 37 38 39 40
32 21 20 21 22 23 24 25 26 27 28 29 30 31 33 34 35 36 37 38 39 40 41
33 15 22 23 24 25 26 27 28 29 30 31 32 34 35 36 37
34 21 21 22 23 24 25 26 27 28 29 30 31 32 33 35 36 37 38 39 40 41 42
35 23 21 22 23 24 25 26 27 28 29 30 31 32 33 34 36 37 38 39 40 41 42 43 45
36 26 21 22 23 24 25 26 27 28 29 30 31 32 33 34 35 37 38 39 40 41 42 43 45 46 47 48
37 28 21 22 23 24 25 26 27 28 29 30 31 32 33 34 35 36 38 39 40 41 42 43 45 46 47 48 49 51
38 28 24 25 26 27 28 29 30 31 32 34 35 36 37 39 40 41 42 43 45 46 47 48 49 50 51 52 53 54
39 28 26 27 28 29 30 31 32 34 35 36 37 38 40 41 42 43 44 45 46 47 48 49 50 51 52 53 54 56
40 27 27 28 29 30 31 32 34 35 36 37 38 39 41 42 43 44 45 46 47 48 49 50 51 52 53 54 56
41 22 32 34 35 36 37 38 39 40 42 43 44 45 46 47 48 49 50 51 52 53 54 56
42 21 34 35 36 37 38 39 40 41 43 44 45 46 47 48 49 50 51 52 53 54 56
43 20 35 36 37 38 39 40 41 42 44 45 46 47 48 49 50 51 52 53 54 56
44 15 39 40 41 42 43 45 46 47 48 49 50 51 52 53 54
45 20 35 36 37 38 39 40 41 42 43 44 46 47 48 49 50 51 52 53 54 56
46 19 36 37 38 39 40 41 42 43 44 45 47 48 49 50 51 52 53 54 56
47 19 36 37 38 39 40 41 42 43 44 45 46 48 49 50 51 52 53 54 56
48 19 36 37 38 39 40 41 42 43 44 45 46 47 49 50 51 52 53 54 56
49 18 37 38 39 40 41 42 43 44 45 46 47 48 50 51 52 53 54 56
50 17 38 39 40 41 42 43 44 45 46 47 48 49 51 52 53 54 56
51 18 37 38 39 40 41 42 43 44 45 46 47 48 49 50 52 53 54 56
52 17 38 39 40 41 42 43 44 45 46 47 48 49 50 51 53 54 56
53 17 38 39 40 41 42 43 44 45 46 47 48 49 50 51 52 54 56
54 17 38 39 40 41 42 43 44 45 46 47 48 49 50 51 52 53 56
55 1 58
56 15 39 40 41 42 43 45 46 47 48 49 50 51 52 53 54
57 2 58 59
58 3 55 57 59
59 2 57 58
