VISDATA
59
0 0
1 8 2 3 4 5 6 7 8 9
2 8 1 3 4 5 6 7 8 9
3 8 1 2 4 5 6 7 8 9
4 10 1 2 3 5 6 7 8 9 10 11
5 10 1 2 3 4 6 7 8 9 10 11
6 12 1 2 3 4 5 7 8 9 10 11 12 13
7 18 1 2 3 4 5 6 8 9 10 11 12 13 14 15 16 17 18 19
8 18 1 2 3 4 5 6 7 9 10 11 12 13 14 15 16 17 18 19
9 18 1 2 3 4 5 6 7 8 10 11 12 13 14 15 16 17 18 19
10 17 4 5 6 7 8 9 11 12 13 14 15 16 17 18 19 20 23
11 18 4 5 6 7 8 9 10 12 13 14 15 16 17 18 19 20 22 23
12 16 6 7 8 9 10 11 13 14 15 16 17 18 19 20 22 23
13 16 6 7 8 9 10 11 12 14 15 16 17 18 19 20 22 23
14 15 7 8 9 10 11 12 13 15 16 17 18 19 20 22 23
15 15 7 8 9 10 11 12 13 14 16 17 18 19 20 22 23
16 16 7 8 9 10 11 12 13 14 15 17 18 19 20 22 23 24
17 16 7 8 9 10 11 12 13 14 15 16 18 19 20 22 23 24
18 16 7 8 9 10 11 12 13 14 15 16 17 19 20 22 23 24
19 16 7 8 9 10 11 12 13 14 15 16 17 18 20 22 23 24
20 19 10 11 12 13 14 15 16 17 18 19 21 22 23 24 25 26 27 28 29
21 4 20 22 23 24
22 15 11 12 13 14 15 16 17 18 19 20 21 23 24 25 26
23 19 10 11 12 13 14 15 16 17 18 19 20 21 22 24 25 26 27 28 29
24 16 16 17 18 19 20 21 22 23 25 26 27 28 29 30 31 33
25 13 20 22 23 24 26 27 28 29 30 31 33 34 36
26 14 20 22 23 24 25 27 28 29 30 31 33 34 35 36
27 13 20 23 24 25 26 28 29 30 31 33 34 35 36
28 13 20 23 24 25 26 27 29 30 31 33 34 35 36
29 14 20 23 24 25 26 27 28 30 31 33 34 35 36 37
30 12 24 25 26 27 28 29 31 33 34 35 36 37
31 12 24 25 26 27 28 29 30 33 34 35 36 37
32 0
33 12 24 25 26 27 28 29 30 31 34 35 36 37
34 12 25 26 27 28 29 30 31 33 35 36 37 38
35 11 26 27 28 29 30 31 33 34 36 37 38
36 12 25 26 27 28 29 30 31 33 34 35 37 38
37 21 29 30 31 33 34 35 36 38 39 40 41 42 44 45 46 47 48 49 50 51 52
38 20 34 35 36 37 39 40 41 42 43 44 45 46 47 48 49 50 51 52 53 55
39 17 37 38 40 41 42 43 44 45 46 47 48 49 50 51 52 53 55
40 17 37 38 39 41 42 43 44 45 46 47 48 49 50 51 52 53 55
41 17 37 38 39 40 42 43 44 45 46 47 48 49 50 51 52 53 55
42 17 37 38 39 40 41 43 44 45 46 47 48 49 50 51 52 53 55
43 15 38 39 40 41 42 44 45 46 47 48 49 50 51 52 53
44 17 37 38 39 40 41 42 43 45 46 47 48 49 50 51 52 53 55
45 17 37 38 39 40 41 42 43 44 46 47 48 49 50 51 52 53 55
46 17 37 38 39 40 41 42 43 44 45 47 48 49 50 51 52 53 55
47 17 37 38 39 40 41 42 43 44 45 46 48 49 50 51 52 53 55
48 17 37 38 39 40 41 42 43 44 45 46 47 49 50 51 52 53 55
49 17 37 38 39 40 41 42 43 44 45 46 47 48 50 51 52 53 55
50 17 37 38 39 40 41 42 43 44 45 46 47 48 49 51 52 53 55
51 17 37 38 39 40 41 42 43 44 45 46 47 48 49 50 52 53 55
52 17 37 38 39 40 41 42 43 44 45 46 47 48 49 50 51 53 55
53 16 38 39 40 41 42 43 44 45 46 47 48 49 50 51 52 55
54 0
55 15 38 39 40 41 42 44 45 46 47 48 49 50 51 52 53
56 2 57 58
57 2 56 58
58 2 56 57
