1 2 0.40341
1 3 0.36145
1 4 0.37255
2 3 0.60626
2 4 0.51786
2 5 0.49655
3 4 0.64989
3 5 0.44485
3 6 0.59829
4 5 0.71537
4 6 0.45161
4 7 0.50588
5 6 0.41071
5 7 0.51402
5 8 0.49462
6 7 0.74514
6 8 0.53147
6 9 0.57466
7 8 0.71875
7 9 0.56303
7 10 0.64327
8 9 0.80058
8 10 0.54054
9 10 0.55046
9 12 0.45652
10 12 0.52419
10 13 0.65333
12 13 0.54696
12 14 0.58955
12 15 0.64444
13 14 0.75797
13 15 0.63087
13 16 0.62162
14 15 0.84263
14 16 0.59155
14 17 0.57500
15 16 0.50345
15 17 0.48658
15 18 0.47904
16 17 0.77926
16 18 0.48265
16 19 0.52564
17 18 0.66157
17 19 0.53214
17 20 0.59669
18 19 0.52877
18 20 0.46903
18 21 0.58462
19 20 0.82131
19 21 0.58000
20 21 0.68502
20 23 0.46547
21 23 0.77172
21 24 0.54567
23 24 0.59048
23 25 0.49682
23 26 0.50862
24 25 0.59104
24 26 0.50794
24 27 0.45000
25 26 0.76975
25 27 0.41667
25 28 0.40152
26 27 0.60680
26 28 0.36464
26 29 0.40385
27 28 0.51012
27 29 0.34959
27 30 0.32857
28 29 0.46774
28 30 0.41981
28 31 0.34259
29 30 0.66667
29 31 0.37255
29 32 0.35976
30 31 0.55696
30 32 0.40878
31 32 0.58947
31 34 0.42571
32 34 0.58385
32 35 0.47242
34 35 0.69231
34 36 0.37785
34 37 0.34821
35 36 0.55126
35 37 0.47103
35 38 0.36866
36 37 0.77569
36 38 0.49622
36 39 0.42647
37 38 0.59559
37 39 0.49867
38 39 0.54244
41 42 0.53846
41 43 0.45745
41 44 0.50000
42 43 0.56017
42 44 0.50575
42 45 0.47222
43 44 0.43810
43 45 0.48276
44 45 0.56298
