1 2 0.47073
1 3 0.40704
1 4 0.70149
2 3 0.56016
2 4 0.41011
2 5 0.74510
3 4 0.55378
3 5 0.59420
3 6 0.60606
4 5 0.58296
4 6 0.39437
4 7 0.00000
5 6 0.82639
5 7 0.61417
5 8 0.42105
6 7 0.88249
6 8 0.63918
6 9 0.57778
7 8 0.86099
7 9 0.81395
7 10 0.72727
8 9 0.90982
8 10 0.84746
9 10 0.83193
9 12 0.74390
10 12 0.89728
10 13 0.63636
12 13 0.70470
12 14 0.41667
13 14 0.80535
13 15 0.43056
13 16 0.79412
14 15 0.69942
14 16 0.52991
14 17 0.71951
15 16 0.63815
15 17 0.50000
15 18 0.54198
16 17 0.42308
16 18 0.43931
16 19 0.64000
17 18 0.37438
17 19 0.56627
17 20 0.68657
18 19 0.38386
18 20 0.55319
18 21 0.78182
19 20 0.47283
19 21 0.22222
20 21 0.40727
20 23 0.25869
21 23 0.54212
21 24 0.34459
22 23 0.62500
22 24 0.68421
23 24 0.50448
23 25 0.30435
23 26 0.60870
24 25 0.34615
24 26 0.42045
24 27 0.81081
25 26 0.27053
25 27 0.73016
25 28 0.91892
26 27 0.46648
26 28 0.26230
26 29 0.47222
27 28 0.65467
27 29 0.64706
27 30 0.57895
28 29 0.65572
28 30 0.66113
28 31 0.70629
29 30 0.63238
29 31 0.73591
29 32 0.67347
30 31 0.61808
30 32 0.67407
31 32 0.76411
31 34 0.61509
32 34 0.55627
32 35 0.63927
34 35 0.72925
34 36 0.67368
34 37 0.44186
35 36 0.82143
35 37 0.51724
35 38 0.74419
36 37 0.88043
36 38 0.58042
36 39 0.44681
37 38 0.77397
37 39 0.50667
37 40 0.58974
38 39 0.84337
38 40 0.44712
38 41 0.75000
39 40 0.80448
39 41 0.40588
39 42 0.92157
40 41 0.80839
40 42 0.63636
40 43 0.72727
41 42 0.54435
41 43 0.54286
42 43 0.84489
42 45 0.73162
43 45 0.86096
43 46 0.80693
45 46 0.83731
45 47 0.75931
45 48 0.59406
46 47 0.83208
46 48 0.77219
46 49 0.36905
47 48 0.79139
47 49 0.54497
47 50 0.57353
48 49 0.68079
48 50 0.42056
48 51 0.69118
49 50 0.55623
49 51 0.64925
49 52 0.87234
50 51 0.25797
50 52 0.54545
50 53 0.40541
51 52 0.61434
51 53 0.60197
51 54 0.51648
52 53 0.60170
52 54 0.68051
53 54 0.59365
53 56 0.74000
54 56 0.57524
55 57 0.73935
55 58 0.75589
57 58 0.69848
57 59 0.42636
58 59 0.61846
