VISDATA
51
0 9 1 2 3 4 5 6 7 8 9
1 9 0 2 3 4 5 6 7 8 9
2 11 0 1 3 4 5 6 7 8 9 10 11
3 12 0 1 2 4 5 6 7 8 9 10 11 12
4 12 0 1 2 3 5 6 7 8 9 10 11 12
5 12 0 1 2 3 4 6 7 8 9 10 11 12
6 12 0 1 2 3 4 5 7 8 9 10 11 12
7 13 0 1 2 3 4 5 6 8 9 10 11 12 13
8 14 0 1 2 3 4 5 6 7 9 10 11 12 13 14
9 14 0 1 2 3 4 5 6 7 8 10 11 12 13 14
10 13 2 3 4 5 6 7 8 9 11 12 13 14 15
11 13 2 3 4 5 6 7 8 9 10 12 13 14 15
12 13 3 4 5 6 7 8 9 10 11 13 14 15 16
13 10 7 8 9 10 11 12 14 15 16 17
14 10 8 9 10 11 12 13 15 16 17 18
15 9 10 11 12 13 14 16 17 18 19
16 8 12 13 14 15 17 18 19 20
17 7 13 14 15 16 18 19 20
18 7 14 15 16 17 19 20 21
19 9 15 16 17 18 20 21 22 23 24
20 10 16 17 18 19 21 22 23 24 25 26
21 8 18 19 20 22 23 24 25 26
22 8 19 20 21 23 24 25 26 27
23 8 19 20 21 22 24 25 26 27
24 9 19 20 21 22 23 25 26 27 28
25 11 20 21 22 23 24 26 27 28 29 30 31
26 10 20 21 22 23 24 25 27 28 29 30
27 9 22 23 24 25 26 28 29 30 31
28 10 24 25 26 27 29 30 31 32 33 34
29 10 25 26 27 28 30 31 32 33 34 35
30 10 25 26 27 28 29 31 32 33 34 35
31 11 25 27 28 29 30 32 33 34 35 36 37
32 10 28 29 30 31 33 34 35 36 37 38
33 11 28 29 30 31 32 34 35 36 37 38 39
34 11 28 29 30 31 32 33 35 36 37 38 39
35 11 29 30 31 32 33 34 36 37 38 39 40
36 11 31 32 33 34 35 37 38 39 40 41 42
37 12 31 32 33 34 35 36 38 39 40 41 42 43
38 12 32 33 34 35 36 37 39 40 41 42 43 44
39 12 33 34 35 36 37 38 40 41 42 43 44 45
40 11 35 36 37 38 39 41 42 43 44 45 46
41 11 36 37 38 39 40 42 43 44 45 46 47
42 12 36 37 38 39 40 41 43 44 45 46 47 48
43 12 37 38 39 40 41 42 44 45 46 47 48 49
44 11 38 39 40 41 42 43 45 46 47 48 49
45 10 39 40 41 42 43 44 46 47 48 49
46 10 40 41 42 43 44 45 47 48 49 50
47 9 41 42 43 44 45 46 48 49 50
48 8 42 43 44 45 46 47 49 50
49 7 43 44 45 46 47 48 50
50 4 46 47 48 49
