0 1 0.86364
0 2 0.75000
0 3 0.83333
1 2 0.73196
1 3 0.83566
1 4 0.83396
2 3 0.87578
2 4 0.90074
2 5 0.81006
3 4 0.80675
3 5 0.79435
3 6 0.77273
4 5 0.83368
4 6 0.71711
4 7 0.74667
5 6 0.70302
5 7 0.58710
5 8 0.69737
6 7 0.51438
6 8 0.53061
6 9 0.45783
7 8 0.83135
7 9 0.67834
7 10 0.70354
8 9 0.70567
8 10 0.65877
8 11 0.81633
9 10 0.76233
9 11 0.93023
9 12 0.80303
10 11 0.94444
10 12 0.85303
10 13 0.95950
11 12 0.93103
11 13 0.96154
11 14 0.78261
12 13 0.93399
12 14 0.95769
12 15 0.97403
13 14 0.96909
13 15 0.97872
13 16 0.96654
14 15 0.93777
14 16 0.98844
14 17 0.97445
15 16 0.99410
15 17 0.98008
15 18 0.98870
16 17 0.90529
16 18 0.98678
16 19 0.98137
17 18 0.84478
17 19 0.94286
17 20 0.93367
18 19 0.84595
18 20 0.90654
18 21 0.89051
19 20 0.78395
19 21 0.81590
19 22 0.80000
20 21 0.71673
20 22 0.68750
20 23 0.51220
21 22 0.50000
21 23 0.54636
21 24 0.47451
22 23 0.73585
22 24 0.85906
22 25 0.90058
23 24 0.77273
23 25 0.58104
23 26 0.66129
24 25 0.87015
24 26 0.88380
24 27 0.84337
25 26 0.88706
25 27 0.91051
25 28 0.86636
26 27 0.89730
26 28 0.95922
26 29 0.89730
27 28 0.93219
27 29 0.96524
27 30 0.91505
28 29 0.97599
28 30 0.95325
28 31 0.92734
29 30 0.99354
29 31 0.96024
29 32 0.89867
30 31 0.97933
30 32 0.96830
30 33 0.96970
31 32 0.99054
31 33 0.96721
31 34 0.97159
32 33 0.94340
32 34 0.98003
32 35 0.95110
33 34 0.91304
33 36 0.90000
34 35 0.87542
34 36 0.89344
34 37 0.89597
35 36 0.72927
35 37 0.78109
35 38 0.51923
36 37 0.83214
36 38 0.59048
36 39 0.41935
37 38 0.56355
37 39 0.34673
37 40 0.22667
38 39 0.51579
38 40 0.50690
38 41 0.58333
39 40 0.63945
39 41 0.77778
39 42 0.76796
40 41 0.77049
40 42 0.80108
40 43 0.80645
41 42 0.82517
41 43 0.87179
41 44 1.00000
42 43 0.82321
42 44 0.98592
42 45 0.91253
43 44 0.98551
43 45 0.84848
43 46 0.86957
44 45 0.94030
44 46 0.96203
44 47 1.00000
45 46 0.91643
45 47 0.88288
45 48 0.90323
46 47 0.87977
46 48 0.91364
46 49 0.89701
47 48 0.91434
47 49 0.91383
47 50 0.95894
48 49 0.86458
48 50 0.91647
48 51 0.94350
49 50 0.85011
49 51 0.88685
49 52 0.91045
50 51 0.83993
50 52 0.84416
50 53 0.75918
51 52 0.75799
51 53 0.71661
51 54 0.61765
52 53 0.73724
52 54 0.69697
52 55 0.90476
53 54 0.64138
53 56 0.61314
54 55 0.42857
54 56 0.72710
54 57 0.85000
55 56 0.70455
55 57 0.82241
55 58 0.89597
56 57 0.70968
56 58 0.89286
56 59 0.86957
57 58 0.93985
57 59 0.92582
58 59 0.77709
