VISDATA
36
0 7 1 2 3 4 5 6 8
1 12 0 2 3 4 5 6 7 8 9 10 11 12
2 14 0 1 3 4 5 6 7 8 9 10 11 12 13 15
3 13 0 1 2 4 5 6 7 8 9 10 11 12 13
4 13 0 1 2 3 5 6 7 8 9 10 11 12 13
5 18 0 1 2 3 4 6 7 8 9 10 11 12 13 14 15 16 17 18
6 19 0 1 2 3 4 5 7 8 9 10 11 12 13 14 15 16 17 18 19
7 18 1 2 3 4 5 6 8 9 10 11 12 13 14 15 16 17 18 19
8 21 0 1 2 3 4 5 6 7 9 10 11 12 13 14 15 16 17 18 19 20 21
9 20 1 2 3 4 5 6 7 8 10 11 12 13 14 15 16 17 18 19 20 21
10 20 1 2 3 4 5 6 7 8 9 11 12 13 14 15 16 17 18 19 20 21
11 22 1 2 3 4 5 6 7 8 9 10 12 13 14 15 16 17 18 19 20 21 22 23
12 23 1 2 3 4 5 6 7 8 9 10 11 13 14 15 16 17 18 19 20 21 22 23 24
13 23 2 3 4 5 6 7 8 9 10 11 12 14 15 16 17 18 19 20 21 22 23 24 25
14 22 5 6 7 8 9 10 11 12 13 15 16 17 18 19 20 21 22 23 24 25 26 27
15 22 2 5 6 7 8 9 10 11 12 13 14 16 17 18 19 20 21 22 23 24 25 26
16 23 5 6 7 8 9 10 11 12 13 14 15 17 18 19 20 21 22 23 24 25 26 27 29
17 24 5 6 7 8 9 10 11 12 13 14 15 16 18 19 20 21 22 23 24 25 26 27 28 29
18 27 5 6 7 8 9 10 11 12 13 14 15 16 17 19 20 21 22 23 24 25 26 27 28 29 30 31 32
19 26 6 7 8 9 10 11 12 13 14 15 16 17 18 20 21 22 23 24 25 26 27 28 29 30 31 32
20 24 8 9 10 11 12 13 14 15 16 17 18 19 21 22 23 24 25 26 27 28 29 30 31 32
21 25 8 9 10 11 12 13 14 15 16 17 18 19 20 22 23 24 25 26 27 28 29 30 31 32 33
22 24 11 12 13 14 15 16 17 18 19 20 21 23 24 25 26 27 28 29 30 31 32 33 34 35
23 24 11 12 13 14 15 16 17 18 19 20 21 22 24 25 26 27 28 29 30 31 32 33 34 35
24 23 12 13 14 15 16 17 18 19 20 21 22 23 25 26 27 28 29 30 31 32 33 34 35
25 22 13 14 15 16 17 18 19 20 21 22 23 24 26 27 28 29 30 31 32 33 34 35
26 21 14 15 16 17 18 19 20 21 22 23 24 25 27 28 29 30 31 32 33 34 35
27 20 14 16 17 18 19 20 21 22 23 24 25 26 28 29 30 31 32 33 34 35
28 18 17 18 19 20 21 22 23 24 25 26 27 29 30 31 32 33 34 35
29 19 16 17 18 19 20 21 22 23 24 25 26 27 28 30 31 32 33 34 35
30 17 18 19 20 21 22 23 24 25 26 27 28 29 31 32 33 34 35
31 17 18 19 20 21 22 23 24 25 26 27 28 29 30 32 33 34 35
32 17 18 19 20 21 22 23 24 25 26 27 28 29 30 31 33 34 35
33 14 21 22 23 24 25 26 27 28 29 30 31 32 34 35
34 13 22 23 24 25 26 27 28 29 30 31 32 33 35
35 13 22 23 24 25 26 27 28 29 30 31 32 33 34
