VISDATA
60
0 0
1 8 2 3 4 5 6 7 8 9
2 8 1 3 4 5 6 7 8 9
3 10 1 2 4 5 6 7 8 9 10 12
4 15 1 2 3 5 6 7 8 9 10 12 13 14 15 16 17
5 15 1 2 3 4 6 7 8 9 10 12 13 14 15 16 17
6 18 1 2 3 4 5 7 8 9 10 12 13 14 15 16 17 18 19 20
7 19 1 2 3 4 5 6 8 9 10 12 13 14 15 16 17 18 19 20 21
8 19 1 2 3 4 5 6 7 9 10 12 13 14 15 16 17 18 19 20 21
9 19 1 2 3 4 5 6 7 8 10 12 13 14 15 16 17 18 19 20 21
10 17 3 4 5 6 7 8 9 12 13 14 15 16 17 18 19 20 21
11 0
12 17 3 4 5 6 7 8 9 10 13 14 15 16 17 18 19 20 21
13 16 4 5 6 7 8 9 10 12 14 15 16 17 18 19 20 21
14 16 4 5 6 7 8 9 10 12 13 15 16 17 18 19 20 21
15 16 4 5 6 7 8 9 10 12 13 14 16 17 18 19 20 21
16 16 4 5 6 7 8 9 10 12 13 14 15 17 18 19 20 21
17 17 4 5 6 7 8 9 10 12 13 14 15 16 18 19 20 21 23
18 16 6 7 8 9 10 12 13 14 15 16 17 19 20 21 23 24
19 16 6 7 8 9 10 12 13 14 15 16 17 18 20 21 23 24
20 20 6 7 8 9 10 12 13 14 15 16 17 18 19 21 23 24 25 26 27 28
21 20 7 8 9 10 12 13 14 15 16 17 18 19 20 23 24 25 26 27 28 29
22 4 23 24 26 27
23 14 17 18 19 20 21 22 24 25 26 27 28 29 30 31
24 14 18 19 20 21 22 23 25 26 27 28 29 30 31 32
25 11 20 21 23 24 26 27 28 29 30 31 32
26 12 20 21 22 23 24 25 27 28 29 30 31 32
27 17 20 21 22 23 24 25 26 28 29 30 31 32 34 35 36 37 38
28 16 20 21 23 24 25 26 27 29 30 31 32 34 35 36 37 38
29 15 21 23 24 25 26 27 28 30 31 32 34 35 36 37 38
30 15 23 24 25 26 27 28 29 31 32 34 35 36 37 38 39
31 15 23 24 25 26 27 28 29 30 32 34 35 36 37 38 39
32 14 24 25 26 27 28 29 30 31 34 35 36 37 38 39
33 0
34 12 27 28 29 30 31 32 35 36 37 38 39 40
35 13 27 28 29 30 31 32 34 36 37 38 39 40 41
36 14 27 28 29 30 31 32 34 35 37 38 39 40 41 42
37 16 27 28 29 30 31 32 34 35 36 38 39 40 41 42 43 45
38 16 27 28 29 30 31 32 34 35 36 37 39 40 41 42 43 45
39 14 30 31 32 34 35 36 37 38 40 41 42 43 45 46
40 10 34 35 36 37 38 39 41 42 43 45
41 14 35 36 37 38 39 40 42 43 45 46 47 48 50 51
42 13 36 37 38 39 40 41 43 45 46 47 48 50 51
43 14 37 38 39 40 41 42 45 46 47 48 49 50 51 52
44 0
45 12 37 38 39 40 41 42 43 46 47 48 50 51
46 12 39 41 42 43 45 47 48 49 50 51 52 53
47 11 41 42 43 45 46 48 49 50 51 52 53
48 11 41 42 43 45 46 47 49 50 51 52 53
49 7 43 46 47 48 50 51 52
50 11 41 42 43 45 46 47 48 49 51 52 53
51 11 41 42 43 45 46 47 48 49 50 52 53
52 8 43 46 47 48 49 50 51 53
53 8 46 47 48 50 51 52 54 56
54 2 53 56
55 3 57 58 59
56 2 53 54
57 3 55 58 59
58 3 55 57 59
59 3 55 57 58
