1 2 0.71930
1 3 0.58354
1 4 0.50490
2 3 0.78029
2 4 0.58859
2 5 0.57709
3 4 0.70149
3 5 0.55966
3 6 0.53103
4 5 0.78351
4 6 0.53903
4 7 0.62500
5 6 0.73397
5 7 0.55830
5 8 0.52874
6 7 0.90288
6 8 0.69444
6 9 0.60811
7 8 0.81321
7 9 0.60417
7 10 0.57534
8 9 0.70486
8 10 0.61765
9 10 0.78378
9 12 0.65870
10 12 0.80988
10 13 0.71989
12 13 0.87991
12 14 0.70040
12 15 0.55435
13 14 0.72571
13 15 0.52863
13 16 0.50459
14 15 0.64944
14 16 0.65385
14 17 0.52727
15 16 0.70611
15 17 0.63571
15 18 0.50467
16 17 0.74636
16 18 0.69820
16 19 0.57658
17 18 0.81013
17 19 0.72385
17 20 0.67883
18 19 0.75081
18 20 0.74719
18 21 0.48438
19 20 0.82443
19 21 0.68382
20 21 0.74211
20 23 0.61538
21 23 0.83502
21 24 0.84969
23 24 0.84503
23 25 0.80237
23 26 0.72393
24 25 0.86829
24 26 0.74839
24 27 0.71074
25 26 0.95525
25 27 0.92626
25 28 0.82251
26 27 0.93572
26 28 0.88503
26 29 0.84965
27 28 0.92061
27 29 0.91692
27 30 0.71429
28 29 0.97552
28 30 0.85714
28 31 0.63253
29 30 0.84615
29 31 0.74172
29 32 0.66364
30 31 0.88988
30 32 0.85468
31 32 0.89655
31 34 0.74497
32 34 0.73485
32 35 0.74359
34 35 0.83282
34 36 0.89298
34 37 0.80240
35 36 0.94036
35 37 0.78075
35 38 0.75904
36 37 0.82353
36 38 0.74219
36 39 0.59091
37 38 0.85714
37 39 0.60317
37 40 0.75000
38 39 0.67241
38 40 0.69136
38 41 0.57143
39 40 0.63333
39 41 0.58163
39 42 0.66667
40 41 0.64756
40 42 0.61250
40 43 0.54545
41 42 0.64865
41 43 0.50467
42 43 0.73011
42 45 0.61622
43 45 0.83441
43 46 0.59211
45 46 0.82413
45 47 0.56863
45 48 0.54229
46 47 0.75871
46 48 0.54406
46 49 0.46053
47 48 0.67341
47 49 0.51779
47 50 0.47945
48 49 0.81277
48 50 0.47799
48 51 0.55556
49 50 0.51185
49 51 0.60396
49 52 0.51111
50 51 0.87330
50 52 0.46893
50 53 0.47414
51 52 0.64539
51 53 0.63441
51 54 0.70833
52 53 1.00000
52 54 0.77293
53 54 0.85714
55 57 0.84468
55 58 0.57055
57 58 0.61443
57 59 0.51603
58 59 0.84268
