1 2 0.39203
1 3 0.17361
1 4 0.30000
2 3 0.24374
2 4 0.29524
2 5 0.23333
3 4 0.48195
3 5 0.38037
3 6 0.49383
4 5 0.40968
4 6 0.40206
4 7 0.51163
5 6 0.40313
5 7 0.47287
5 8 0.45570
6 7 0.58246
6 8 0.48958
6 9 0.73913
7 8 0.71466
7 9 0.75439
7 10 0.81061
8 9 0.75949
8 10 0.84848
9 10 0.73324
9 12 0.78027
10 12 0.81924
10 13 0.78916
12 13 0.78407
12 14 0.74363
12 15 0.85387
13 14 0.81559
13 15 0.77737
13 16 0.90909
14 15 0.79261
14 16 0.81695
14 17 0.73000
15 16 0.79085
15 17 0.75490
15 18 0.54286
16 17 0.67608
16 18 0.69189
16 19 0.57143
17 18 0.56056
17 19 0.27451
17 20 0.48837
18 19 0.22807
18 20 0.29577
18 21 0.37143
19 20 0.58162
19 21 0.48113
20 21 0.52010
20 23 0.59036
21 23 0.64791
21 24 0.62562
23 24 0.64427
23 25 0.77419
23 26 0.80702
24 25 0.65147
24 26 0.79470
24 27 0.60606
25 26 0.73729
25 27 0.76271
25 28 0.82759
26 27 0.66957
26 28 0.81102
26 29 0.82500
27 28 0.77872
27 29 0.72549
27 30 0.82192
28 29 0.65443
28 30 0.62687
28 31 0.44000
29 30 0.57753
29 31 0.39583
30 31 0.51724
30 32 0.38636
31 32 0.47611
31 34 0.43781
32 34 0.67979
32 35 0.75319
34 35 0.75705
34 36 0.74306
34 37 0.67052
35 36 0.81600
35 37 0.81283
35 38 0.83137
36 37 0.81481
36 38 0.81579
36 39 0.82596
37 38 0.84066
37 39 0.86144
37 40 0.88547
38 39 0.78358
38 40 0.86124
38 41 0.80531
39 40 0.84509
39 41 0.89888
39 42 0.91827
40 41 0.87856
40 42 0.87815
40 43 0.85246
41 42 0.91808
41 43 0.87339
42 43 0.87545
42 45 0.88496
43 45 0.84965
43 46 0.93564
45 46 0.92971
45 47 0.75104
45 48 0.68750
46 47 0.77184
46 48 0.50575
46 49 0.64286
47 48 0.59684
47 49 0.57090
47 50 0.35052
48 49 0.48317
48 50 0.42029
48 51 0.26984
49 50 0.37829
49 51 0.26172
49 52 0.31690
50 51 0.49064
50 52 0.46161
50 53 0.46847
51 52 0.89256
51 53 0.51485
51 54 0.62179
52 53 0.49757
52 54 0.55030
53 54 0.63274
53 55 0.73684
53 56 0.67988
54 55 0.86667
54 56 0.65877
55 56 0.86364
55 57 0.69260
55 58 0.69793
56 57 0.88889
57 58 0.80437
57 59 0.65421
58 59 0.64146
