VISDATA
55
0 7 1 2 3 4 5 6 7
1 9 0 2 3 4 5 6 7 8 9
2 13 0 1 3 4 5 6 7 8 9 10 11 12 13
3 13 0 1 2 4 5 6 7 8 9 10 11 12 13
4 13 0 1 2 3 5 6 7 8 9 10 11 12 13
5 14 0 1 2 3 4 6 7 8 9 10 11 12 13 14
6 16 0 1 2 3 4 5 7 8 9 10 11 12 13 14 15 16
7 16 0 1 2 3 4 5 6 8 9 10 11 12 13 14 15 16
8 15 1 2 3 4 5 6 7 9 10 11 12 13 14 15 16
9 15 1 2 3 4 5 6 7 8 10 11 12 13 14 15 16
10 14 2 3 4 5 6 7 8 9 11 12 13 14 15 16
11 14 2 3 4 5 6 7 8 9 10 12 13 14 15 16
12 14 2 3 4 5 6 7 8 9 10 11 13 14 15 16
13 14 2 3 4 5 6 7 8 9 10 11 12 14 15 16
14 14 5 6 7 8 9 10 11 12 13 15 16 17 18 19
15 13 6 7 8 9 10 11 12 13 14 16 17 18 19
16 14 6 7 8 9 10 11 12 13 14 15 17 18 19 20
17 9 14 15 16 18 19 20 21 22 23
18 13 14 15 16 17 19 20 21 22 23 24 25 26 27
19 13 14 15 16 17 18 20 21 22 23 24 25 26 27
20 11 16 17 18 19 21 22 23 24 25 26 27
21 10 17 18 19 20 22 23 24 25 26 27
22 10 17 18 19 20 21 23 24 25 26 27
23 10 17 18 19 20 21 22 24 25 26 27
24 9 18 19 20 21 22 23 25 26 27
25 11 18 19 20 21 22 23 24 26 27 28 29
26 12 18 19 20 21 22 23 24 25 27 28 29 30
27 13 18 19 20 21 22 23 24 25 26 28 29 30 31
28 16 25 26 27 29 30 31 32 33 34 35 36 37 38 39 40 41
29 18 25 26 27 28 30 31 32 33 34 35 36 37 38 39 40 41 42 43
30 17 26 27 28 29 31 32 33 34 35 36 37 38 39 40 41 42 43
31 17 27 28 29 30 32 33 34 35 36 37 38 39 40 41 42 43 44
32 16 28 29 30 31 33 34 35 36 37 38 39 40 41 42 43 44
33 17 28 29 30 31 32 34 35 36 37 38 39 40 41 42 43 44 45
34 16 28 29 30 31 32 33 35 36 37 38 39 40 41 42 43 44
35 18 28 29 30 31 32 33 34 36 37 38 39 40 41 42 43 44 45 46
36 19 28 29 30 31 32 33 34 35 37 38 39 40 41 42 43 44 45 46 47
37 19 28 29 30 31 32 33 34 35 36 38 39 40 41 42 43 44 45 46 47
38 19 28 29 30 31 32 33 34 35 36 37 39 40 41 42 43 44 45 46 47
39 19 28 29 30 31 32 33 34 35 36 37 38 40 41 42 43 44 45 46 47
40 19 28 29 30 31 32 33 34 35 36 37 38 39 41 42 43 44 45 46 47
41 19 28 29 30 31 32 33 34 35 36 37 38 39 40 42 43 44 45 46 47
42 21 29 30 31 32 33 34 35 36 37 38 39 40 41 43 44 45 46 47 48 49 51
43 21 29 30 31 32 33 34 35 36 37 38 39 40 41 42 44 45 46 47 48 49 51
44 19 31 32 33 34 35 36 37 38 39 40 41 42 43 45 46 47 48 49 51
45 16 33 35 36 37 38 39 40 41 42 43 44 46 47 48 49 51
46 15 35 36 37 38 39 40 41 42 43 44 45 47 48 49 51
47 14 36 37 38 39 40 41 42 43 44 45 46 48 49 51
48 9 42 43 44 45 46 47 49 50 51
49 11 42 43 44 45 46 47 48 50 51 52 53
50 6 48 49 51 52 53 54
51 11 42 43 44 45 46 47 48 49 50 52 53
52 5 49 50 51 53 54
53 5 49 50 51 52 54
54 3 50 52 53
