VISDATA
54
0 16 1 2 3 4 5 6 7 8 9 10 11 12 13 14 15 16
1 17 0 2 3 4 5 6 7 8 9 10 11 12 13 14 15 16 17
2 18 0 1 3 4 5 6 7 8 9 10 11 12 13 14 15 16 17 18
3 18 0 1 2 4 5 6 7 8 9 10 11 12 13 14 15 16 17 18
4 18 0 1 2 3 5 6 7 8 9 10 11 12 13 14 15 16 17 18
5 18 0 1 2 3 4 6 7 8 9 10 11 12 13 14 15 16 17 18
6 18 0 1 2 3 4 5 7 8 9 10 11 12 13 14 15 16 17 18
7 18 0 1 2 3 4 5 6 8 9 10 11 12 13 14 15 16 17 18
8 18 0 1 2 3 4 5 6 7 9 10 11 12 13 14 15 16 17 18
9 22 0 1 2 3 4 5 6 7 8 10 11 12 13 14 15 16 17 18 19 20 21 22
10 22 0 1 2 3 4 5 6 7 8 9 11 12 13 14 15 16 17 18 19 20 21 22
11 22 0 1 2 3 4 5 6 7 8 9 10 12 13 14 15 16 17 18 19 20 21 22
12 22 0 1 2 3 4 5 6 7 8 9 10 11 13 14 15 16 17 18 19 20 21 22
13 23 0 1 2 3 4 5 6 7 8 9 10 11 12 14 15 16 17 18 19 20 21 22 23
14 25 0 1 2 3 4 5 6 7 8 9 10 11 12 13 15 16 17 18 19 20 21 22 23 24 25
15 25 0 1 2 3 4 5 6 7 8 9 10 11 12 13 14 16 17 18 19 20 21 22 23 24 25
16 26 0 1 2 3 4 5 6 7 8 9 10 11 12 13 14 15 17 18 19 20 21 22 23 24 25 26
17 25 1 2 3 4 5 6 7 8 9 10 11 12 13 14 15 16 18 19 20 21 22 23 24 25 26
18 25 2 3 4 5 6 7 8 9 10 11 12 13 14 15 16 17 19 20 21 22 23 24 25 26 27
19 18 9 10 11 12 13 14 15 16 17 18 20 21 22 23 24 25 26 27
20 21 9 10 11 12 13 14 15 16 17 18 19 21 22 23 24 25 26 27 28 29 30
21 20 9 10 11 12 13 14 15 16 17 18 19 20 22 23 24 25 26 27 28 29
22 21 9 10 11 12 13 14 15 16 17 18 19 20 21 23 24 25 26 27 28 29 30
23 18 13 14 15 16 17 18 19 20 21 22 24 25 26 27 28 29 30 31
24 18 14 15 16 17 18 19 20 21 22 23 25 26 27 28 29 30 31 32
25 18 14 15 16 17 18 19 20 21 22 23 24 26 27 28 29 30 31 32
26 16 16 17 18 19 20 21 22 23 24 25 27 28 29 30 31 32
27 15 18 19 20 21 22 23 24 25 26 28 29 30 31 32 33
28 15 20 21 22 23 24 25 26 27 29 30 31 32 33 34 35
29 15 20 21 22 23 24 25 26 27 28 30 31 32 33 34 35
30 15 20 22 23 24 25 26 27 28 29 31 32 33 34 35 36
31 14 23 24 25 26 27 28 29 30 32 33 34 35 36 37
32 14 24 25 26 27 28 29 30 31 33 34 35 36 37 38
33 12 27 28 29 30 31 32 34 35 36 37 38 39
34 12 28 29 30 31 32 33 35 36 37 38 39 40
35 13 28 29 30 31 32 33 34 36 37 38 39 40 41
36 11 30 31 32 33 34 35 37 38 39 40 41
37 11 31 32 33 34 35 36 38 39 40 41 42
38 13 32 33 34 35 36 37 39 40 41 42 43 44 45
39 12 33 34 35 36 37 38 40 41 42 43 44 45
40 12 34 35 36 37 38 39 41 42 43 44 45 46
41 12 35 36 37 38 39 40 42 43 44 45 46 47
42 11 37 38 39 40 41 43 44 45 46 47 48
43 10 38 39 40 41 42 44 45 46 47 48
44 12 38 39 40 41 42 43 45 46 47 48 49 51
45 12 38 39 40 41 42 43 44 46 47 48 49 51
46 10 40 41 42 43 44 45 47 48 49 51
47 9 41 42 43 44 45 46 48 49 51
48 8 42 43 44 45 46 47 49 51
49 6 44 45 46 47 48 51
50 2 52 53
51 6 44 45 46 47 48 49
52 2 50 53
53 2 50 52
