0 2 0.88235
0 3 1.00000
1 2 0.78049
1 3 0.88651
1 4 0.88662
2 3 0.91289
2 4 0.86902
2 5 0.89375
3 4 0.90383
3 5 0.93626
3 6 0.94877
4 5 0.92269
4 6 0.92131
4 7 0.95111
5 6 0.90928
5 7 0.94290
5 8 0.96977
6 7 0.90963
6 8 0.94404
6 9 0.88435
7 8 0.89270
7 9 0.91040
7 10 0.72464
8 9 0.94271
8 10 0.83105
8 11 0.97297
9 10 0.91517
9 11 0.92000
9 12 0.89602
10 12 0.73333
10 13 0.88462
12 13 0.80392
12 14 0.74286
12 15 0.84615
13 14 0.53008
13 15 0.53211
13 16 0.62393
14 15 0.55426
14 16 0.70637
14 17 0.44872
15 16 0.71991
15 17 0.41414
15 18 0.74233
16 17 0.50000
16 18 0.77165
17 18 0.65217
17 20 0.94444
18 20 0.96610
18 21 0.98750
20 21 0.86538
20 23 0.78808
21 23 0.80892
21 24 0.88068
23 24 0.77500
23 25 0.84127
23 26 0.78182
24 25 0.82857
24 26 0.85068
24 27 0.87042
25 26 0.82635
25 27 0.81401
25 28 0.64789
26 27 0.80272
26 28 0.61957
26 29 0.79195
27 28 0.65882
27 29 0.78947
27 30 0.71429
28 29 0.47150
28 30 0.62766
28 31 0.57353
29 30 0.59380
29 31 0.56643
29 32 0.57143
30 31 0.77431
30 32 0.79467
31 32 0.67944
31 34 0.76418
32 34 0.82201
32 35 0.85564
34 35 0.87911
34 36 0.94859
34 37 0.92878
35 36 0.94411
35 37 0.97030
35 38 0.95332
36 37 0.96055
36 38 0.97072
36 39 0.97842
37 38 0.88960
37 39 0.91652
37 40 0.97066
38 39 0.89356
38 40 0.99913
38 41 0.99662
39 40 0.86842
39 41 0.99541
39 42 1.00000
40 41 0.97465
40 42 0.94911
40 43 0.98005
41 42 0.93113
41 43 0.99742
42 43 0.92257
42 45 0.90385
43 45 0.60392
43 46 0.84659
45 46 0.50510
45 47 0.34615
45 48 0.70370
46 47 0.45631
46 48 0.43694
46 49 0.48148
47 48 0.59307
47 49 0.64773
47 50 0.64901
48 49 0.72788
48 50 0.79872
48 51 0.68317
49 50 0.79253
49 51 0.80886
49 52 0.75610
50 51 0.83034
50 52 0.85926
50 53 0.85893
51 52 0.86435
51 53 0.90685
51 54 0.91775
52 53 0.84694
52 54 0.94286
52 55 0.88235
53 54 0.98958
53 55 0.82143
53 56 0.80000
54 55 0.84000
54 56 0.82883
55 56 0.96667
55 57 0.35694
55 58 0.25926
56 57 0.91667
57 58 0.57102
57 59 0.67797
58 59 0.76420
