1 2 0.60148
1 3 0.42727
1 4 0.50000
2 3 0.51364
2 4 0.44872
2 5 0.00000
3 4 0.55789
3 5 0.52542
3 6 0.71429
4 5 0.60825
4 6 0.73134
4 7 0.71429
5 6 0.61702
5 7 0.61719
5 8 0.58696
6 7 0.71613
6 8 0.45669
6 9 0.34694
7 8 0.50871
7 9 0.35938
7 10 0.54286
8 9 0.44037
8 10 0.57600
9 10 0.51917
9 12 0.50725
10 12 0.49640
10 13 0.44928
12 13 0.39556
12 14 0.35965
12 15 0.52727
13 14 0.55414
13 15 0.40000
13 16 0.60000
14 15 0.36691
14 16 0.50685
14 17 0.76667
15 16 0.68994
15 17 0.42991
16 17 0.49697
16 18 0.60606
17 18 0.60360
17 19 0.57895
18 19 0.54444
19 20 0.63793
19 21 0.58696
20 21 0.93924
20 23 0.73377
21 23 0.95431
21 24 0.60577
23 24 0.97834
23 25 0.82230
23 26 0.57692
24 25 0.99812
24 26 0.70213
24 27 0.76000
25 26 0.74658
25 27 0.70968
26 27 0.76712
26 28 0.71111
27 28 0.74479
27 29 0.57143
27 30 0.77778
28 29 0.76974
28 30 0.53704
29 30 0.76923
30 31 0.68000
32 34 0.71429
32 35 0.84211
34 35 0.56800
34 36 0.70370
35 36 0.63910
37 38 0.70213
37 39 0.61538
38 39 0.93377
38 41 0.98000
39 41 0.90909
41 42 0.59091
42 43 0.59494
43 45 0.61333
45 46 0.60000
45 47 0.77778
46 47 0.69863
46 48 0.77143
47 48 0.74342
47 49 0.69841
47 50 0.76000
48 49 0.77206
48 50 0.75000
48 51 0.86000
49 50 0.76687
49 51 0.85088
49 52 0.65789
50 51 0.99344
50 52 0.73171
50 53 0.70175
51 52 0.67742
51 53 0.63303
51 54 0.64912
52 53 0.67470
52 54 0.75000
53 54 0.76106
54 56 0.70732
55 58 0.66805
58 59 0.87009
58 60 0.53719
59 60 0.54545
