VISDATA
51
0 5 1 2 3 4 5
1 6 0 2 3 4 5 6
2 6 0 1 3 4 5 6
3 8 0 1 2 4 5 6 7 8
4 10 0 1 2 3 5 6 7 8 9 10
5 10 0 1 2 3 4 6 7 8 9 10
6 10 1 2 3 4 5 7 8 9 10 11
7 9 3 4 5 6 8 9 10 11 12
8 9 3 4 5 6 7 9 10 11 12
9 9 4 5 6 7 8 10 11 12 13
10 10 4 5 6 7 8 9 11 12 13 14
11 11 6 7 8 9 10 12 13 14 15 16 17
12 11 7 8 9 10 11 13 14 15 16 17 18
13 11 9 10 11 12 14 15 16 17 18 19 20
14 11 10 11 12 13 15 16 17 18 19 20 21
15 10 11 12 13 14 16 17 18 19 20 21
16 11 11 12 13 14 15 17 18 19 20 21 22
17 11 11 12 13 14 15 16 18 19 20 21 22
18 10 12 13 14 15 16 17 19 20 21 22
19 10 13 14 15 16 17 18 20 21 22 23
20 11 13 14 15 16 17 18 19 21 22 23 24
21 11 14 15 16 17 18 19 20 22 23 24 25
22 10 16 17 18 19 20 21 23 24 25 26
23 10 19 20 21 22 24 25 26 27 28 29
24 13 20 21 22 23 25 26 27 28 29 30 31 32 33
25 12 21 22 23 24 26 27 28 29 30 31 32 33
26 11 22 23 24 25 27 28 29 30 31 32 33
27 11 23 24 25 26 28 29 30 31 32 33 34
28 13 23 24 25 26 27 29 30 31 32 33 34 35 36
29 13 23 24 25 26 27 28 30 31 32 33 34 35 36
30 13 24 25 26 27 28 29 31 32 33 34 35 36 37
31 13 24 25 26 27 28 29 30 32 33 34 35 36 37
32 13 24 25 26 27 28 29 30 31 33 34 35 36 37
33 14 24 25 26 27 28 29 30 31 32 34 35 36 37 38
34 12 27 28 29 30 31 32 33 35 36 37 38 39
35 12 28 29 30 31 32 33 34 36 37 38 39 40
36 14 28 29 30 31 32 33 34 35 37 38 39 40 41 42
37 13 30 31 32 33 34 35 36 38 39 40 41 42 43
38 12 33 34 35 36 37 39 40 41 42 43 44 45
39 12 34 35 36 37 38 40 41 42 43 44 45 46
40 11 35 36 37 38 39 41 42 43 44 45 46
41 10 36 37 38 39 40 42 43 44 45 46
42 11 36 37 38 39 40 41 43 44 45 46 47
43 11 37 38 39 40 41 42 44 45 46 47 48
44 12 38 39 40 41 42 43 45 46 47 48 49 50
45 12 38 39 40 41 42 43 44 46 47 48 49 50
46 11 39 40 41 42 43 44 45 47 48 49 50
47 8 42 43 44 45 46 48 49 50
48 7 43 44 45 46 47 49 50
49 6 44 45 46 47 48 50
50 6 44 45 46 47 48 49
