1 2 0.42336
1 3 0.39634
1 4 0.28986
2 3 0.63566
2 4 0.37500
2 5 0.43902
3 4 0.50253
3 5 0.48889
3 6 0.44231
4 5 0.52231
4 6 0.47771
4 7 0.31707
5 6 0.89822
5 7 0.42286
5 8 0.36145
6 7 0.50000
6 8 0.43802
6 9 0.44681
7 8 0.59307
7 9 0.42373
7 10 0.34615
8 9 0.68100
8 10 0.49112
9 10 0.70683
9 12 0.44196
10 12 0.50923
10 13 0.40000
12 13 0.60243
12 14 0.41489
12 15 0.40541
13 14 0.63377
13 15 0.34426
13 16 0.00000
14 15 0.28986
14 16 0.40323
14 17 0.67391
15 16 0.28019
15 17 0.26471
15 18 0.40000
16 17 0.35398
16 18 0.25904
16 19 0.38182
17 18 0.30928
17 19 0.32895
17 20 0.44444
18 19 0.25410
18 20 0.31746
18 21 0.41176
19 20 0.40404
19 21 0.42308
20 21 0.46369
20 23 0.45783
21 23 0.39167
21 24 0.37500
23 24 0.57241
23 25 0.63855
23 26 0.71429
24 25 0.60759
24 26 0.47059
24 27 0.64103
25 26 0.69054
25 27 0.44298
25 28 0.64444
26 27 0.58025
26 28 0.62338
26 29 0.55102
27 28 0.45355
27 29 0.50000
27 30 0.57627
28 29 0.86522
28 30 0.41985
28 31 0.53846
29 30 0.43463
29 31 0.47222
29 32 0.45455
30 31 0.35593
30 32 0.34615
31 32 0.60668
31 34 0.36735
32 34 0.53125
32 35 0.34653
34 35 0.39726
34 36 0.38298
34 37 0.55556
35 36 0.50526
35 37 0.34711
35 38 0.47059
36 37 0.48052
36 38 0.45139
36 39 0.50847
37 38 0.49357
37 39 0.51220
37 40 0.52778
38 39 0.55556
38 40 0.45902
38 41 0.37931
39 40 0.51899
39 41 0.42105
39 42 0.32353
40 41 0.53543
40 42 0.43609
40 43 0.44615
41 42 0.67016
41 43 0.35821
42 43 0.58373
42 45 0.43363
43 45 0.60968
43 46 0.39450
45 46 0.49194
45 47 0.40323
45 48 0.44186
46 47 0.55060
46 48 0.37313
46 49 0.40000
47 48 0.45484
47 49 0.42336
47 50 0.47368
48 49 0.46316
48 50 0.40141
48 51 0.62745
49 50 0.45014
49 51 0.38235
49 52 0.63158
50 51 0.47842
50 52 0.30612
50 53 0.32075
51 52 0.50787
51 53 0.41667
51 54 0.51190
52 53 0.56299
52 54 0.35185
53 54 0.53371
53 56 0.54839
54 56 0.45000
55 57 0.31557
55 58 0.31579
57 58 0.49804
57 59 0.27848
58 59 0.39679
