0 3 0.85714
1 2 0.65122
1 3 0.79076
1 4 0.79038
2 3 0.80397
2 4 0.78846
2 5 0.69802
3 4 0.72222
3 5 0.71477
3 6 0.77586
4 5 0.76967
4 6 0.67463
4 7 0.61261
5 6 0.64944
5 7 0.63253
5 8 0.61538
6 7 0.57188
6 8 0.43348
6 9 0.40860
7 8 0.80628
7 9 0.71951
7 10 0.64935
8 9 0.67593
8 10 0.66957
8 11 0.78571
9 10 0.74501
9 11 0.90244
9 12 0.81786
10 11 0.86667
10 12 0.78961
10 13 0.91667
11 12 0.88000
11 13 0.95652
11 14 0.89474
12 13 0.91772
12 14 0.95833
12 15 0.94492
13 14 0.90947
13 15 0.95078
13 16 0.97509
14 15 0.91886
14 16 0.99178
14 17 0.97917
15 16 0.98571
15 17 0.97826
15 18 0.95480
16 17 0.86815
16 18 0.96735
16 19 0.90588
17 18 0.85870
17 19 0.92400
17 20 0.91707
18 19 0.85915
18 20 0.92500
18 21 0.91358
19 20 0.69816
19 21 0.83942
19 22 0.87500
20 21 0.71979
20 22 0.60000
20 23 0.49724
21 22 0.61111
21 23 0.56548
21 24 0.53815
22 23 0.67647
22 24 0.84906
22 25 0.94505
23 24 0.75779
23 25 0.62588
23 26 0.75817
24 25 0.84203
24 26 0.84983
24 27 0.81034
25 26 0.88341
25 27 0.89431
25 28 0.89498
26 27 0.88904
26 28 0.95745
26 29 0.87805
27 28 0.88949
27 29 0.96123
27 30 0.86979
28 29 0.96667
28 30 0.93900
28 31 0.90102
29 30 0.99239
29 31 0.96559
29 32 0.93023
30 31 0.96315
30 32 0.97484
30 33 0.93506
31 32 0.95151
31 33 0.98551
31 34 0.96296
32 33 0.98361
32 34 0.95915
32 35 0.91314
33 34 0.90000
33 35 0.84211
33 36 0.89474
34 35 0.85757
34 36 0.90536
34 37 0.90554
35 36 0.68798
35 37 0.76948
35 38 0.41364
36 37 0.79315
36 38 0.64151
36 39 0.35625
37 38 0.40179
37 39 0.37500
37 40 0.38202
38 39 0.46885
38 40 0.41916
38 41 0.49265
39 40 0.55994
39 41 0.73743
39 42 0.66854
40 41 0.71891
40 42 0.80886
40 43 0.80859
41 42 0.79966
41 43 0.87553
41 44 0.98148
42 43 0.77023
42 44 0.97143
42 45 0.83553
43 44 0.97468
43 45 0.84302
43 46 0.84757
44 45 0.98387
44 46 0.94203
44 47 0.98413
45 46 0.86621
45 47 0.86585
45 48 0.89019
46 47 0.87313
46 48 0.89616
46 49 0.88073
47 48 0.85377
47 49 0.84318
47 50 0.90179
48 49 0.83108
48 50 0.89030
48 51 0.91053
49 50 0.83302
49 51 0.85641
49 52 0.82900
50 51 0.84716
50 52 0.80569
50 53 0.71378
51 52 0.70942
51 53 0.64943
51 54 0.50000
52 53 0.68431
52 54 0.69597
52 55 0.89286
53 54 0.56522
53 56 0.50742
54 55 0.41176
54 56 0.63453
54 57 0.83333
55 56 0.68519
55 57 0.71833
55 58 0.90617
56 57 0.92857
56 58 0.95455
56 59 0.86364
57 58 0.91376
57 59 0.88764
58 59 0.75912
